1.272035646E-3	1.209844835E-3	1.049476559E-3	1.152848243E-3	1.370652346E-3	1.259770128E-3	9.983805940E-4	9.913758840E-4	1.099245506E-3	1.063615666E-3	9.758693050E-4	1.028694329E-3	1.164932270E-3	1.261974336E-3	1.178365317E-3	8.576447726E-4	7.450420526E-4	1.011910383E-3	1.166321454E-3	1.062607509E-3	9.297725046E-4	9.056016570E-4	1.019801944E-3	1.095878892E-3	1.035729656E-3	9.995333385E-4	9.697642527E-4	7.615076029E-4	5.323626101E-4	5.556453252E-4
1.137021231E-3	1.253727009E-3	1.241047401E-3	1.306480728E-3	1.414317638E-3	1.311028143E-3	1.117915381E-3	1.097429427E-3	1.168575371E-3	1.170426025E-3	1.151406905E-3	1.230907510E-3	1.315401401E-3	1.345021883E-3	1.291239983E-3	1.019121963E-3	8.401811938E-4	9.798755636E-4	1.077267108E-3	1.048790640E-3	1.059662900E-3	1.108995755E-3	1.199556631E-3	1.242626226E-3	1.163203851E-3	1.101259259E-3	1.012606663E-3	6.891361554E-4	3.690130834E-4	4.082242667E-4
1.100915950E-3	1.306002727E-3	1.389834913E-3	1.442396431E-3	1.511521405E-3	1.482324558E-3	1.384762116E-3	1.366893761E-3	1.371368649E-3	1.335898531E-3	1.348959981E-3	1.419157488E-3	1.400021021E-3	1.344938064E-3	1.354251290E-3	1.222595689E-3	1.012236113E-3	9.499961161E-4	9.255952900E-4	9.351140470E-4	1.077124733E-3	1.221536426E-3	1.251871814E-3	1.207390917E-3	1.166223665E-3	1.179629588E-3	1.106500393E-3	7.853185525E-4	4.618044186E-4	4.402976774E-4
1.159072272E-3	1.297722454E-3	1.324603800E-3	1.377038076E-3	1.546792337E-3	1.628998783E-3	1.525209984E-3	1.439094776E-3	1.399433590E-3	1.386745949E-3	1.453758101E-3	1.492511830E-3	1.403908012E-3	1.311841886E-3	1.330457628E-3	1.307355938E-3	1.179751474E-3	1.052203472E-3	8.979532286E-4	8.011914324E-4	9.611905552E-4	1.220163424E-3	1.259349403E-3	1.162673929E-3	1.154190977E-3	1.177648315E-3	1.091036364E-3	8.936008671E-4	6.849847850E-4	5.691222032E-4
1.269801287E-3	1.251327456E-3	1.093893894E-3	1.112507191E-3	1.404852257E-3	1.566030784E-3	1.392833306E-3	1.213330543E-3	1.194549142E-3	1.296964707E-3	1.425303868E-3	1.448593102E-3	1.389175188E-3	1.299809082E-3	1.250675763E-3	1.286558458E-3	1.356502995E-3	1.341579482E-3	1.104875351E-3	8.457056247E-4	9.560944163E-4	1.276950235E-3	1.340153278E-3	1.237518387E-3	1.253604773E-3	1.253205934E-3	1.132284990E-3	1.008883119E-3	8.488890599E-4	6.375003140E-4
1.358678099E-3	1.239398727E-3	9.469293291E-4	9.447287302E-4	1.272124471E-3	1.422731904E-3	1.202567713E-3	9.798937244E-4	1.011710381E-3	1.226582681E-3	1.363622723E-3	1.350950450E-3	1.314723631E-3	1.209868118E-3	1.121220994E-3	1.213865471E-3	1.413358841E-3	1.472737524E-3	1.198442071E-3	8.740971680E-4	9.527603979E-4	1.270066947E-3	1.367836259E-3	1.306098071E-3	1.334881177E-3	1.335798530E-3	1.224364038E-3	1.109182951E-3	9.411811479E-4	7.174778730E-4
1.289777458E-3	1.191729214E-3	9.228698327E-4	9.128570091E-4	1.171407523E-3	1.303208759E-3	1.157029881E-3	9.508083458E-4	9.556313744E-4	1.189647941E-3	1.336725778E-3	1.340829302E-3	1.330653904E-3	1.219969126E-3	1.134282327E-3	1.211815747E-3	1.336150453E-3	1.315138303E-3	1.044028555E-3	7.903719088E-4	8.572257939E-4	1.094868872E-3	1.203073771E-3	1.213816460E-3	1.283860765E-3	1.304532401E-3	1.207449706E-3	1.112372382E-3	1.027342514E-3	9.166402742E-4
1.088797813E-3	1.039665891E-3	9.042918682E-4	8.685841458E-4	1.026298851E-3	1.241893158E-3	1.288129250E-3	1.086712931E-3	9.190001292E-4	1.062458847E-3	1.302052056E-3	1.469573821E-3	1.530872076E-3	1.385203796E-3	1.233519870E-3	1.230470487E-3	1.255072886E-3	1.149458345E-3	9.206099785E-4	7.881142083E-4	8.233001572E-4	9.037461714E-4	9.419777780E-4	9.955508867E-4	1.108214376E-3	1.123454305E-3	1.040878473E-3	1.002872130E-3	9.990830440E-4	9.917254793E-4
9.781253757E-4	8.997973637E-4	8.856830536E-4	8.244038909E-4	9.198333137E-4	1.266870415E-3	1.490082010E-3	1.272966852E-3	8.995209355E-4	8.634872502E-4	1.137892832E-3	1.461086213E-3	1.588742482E-3	1.387497061E-3	1.134779770E-3	1.078502974E-3	1.117635751E-3	1.031606458E-3	8.626272902E-4	8.125118911E-4	8.271043189E-4	8.213477558E-4	8.133527008E-4	8.617535932E-4	9.411755600E-4	9.092822438E-4	9.058474097E-4	9.906688938E-4	9.782399284E-4	9.539474268E-4
9.333152557E-4	8.248826489E-4	8.844871772E-4	8.357398910E-4	9.113284177E-4	1.305592596E-3	1.588468323E-3	1.407567994E-3	9.780611144E-4	7.563591353E-4	8.788956911E-4	1.183423679E-3	1.375036780E-3	1.251648879E-3	1.020766911E-3	9.443215677E-4	9.902212769E-4	9.472001693E-4	8.131899522E-4	7.617708761E-4	7.916055620E-4	8.504189318E-4	8.584826137E-4	8.378758794E-4	8.467672160E-4	8.230942185E-4	9.611910209E-4	1.190941199E-3	1.153728459E-3	1.033976208E-3
8.922782727E-4	8.690961986E-4	1.007069252E-3	9.934341069E-4	1.016493072E-3	1.304985955E-3	1.535030082E-3	1.466787886E-3	1.183314482E-3	9.043834871E-4	8.115753299E-4	9.428184130E-4	1.148748095E-3	1.181400847E-3	1.059931703E-3	9.704117547E-4	9.606689564E-4	9.128062520E-4	7.681424031E-4	6.621489301E-4	7.209646283E-4	9.034798713E-4	9.606759413E-4	8.672532276E-4	8.219048614E-4	8.404824184E-4	1.052170293E-3	1.331092324E-3	1.311908592E-3	1.150656608E-3
1.122532063E-3	1.144399517E-3	1.222544350E-3	1.145326765E-3	1.081062830E-3	1.249195775E-3	1.417461550E-3	1.434348058E-3	1.320823678E-3	1.127010677E-3	9.630516288E-4	9.488635696E-4	1.118725631E-3	1.246604486E-3	1.197342528E-3	1.100605703E-3	1.046368969E-3	9.801174747E-4	8.250498213E-4	6.737496587E-4	6.992481649E-4	9.131119004E-4	1.065883087E-3	1.034739194E-3	9.742573602E-4	9.653338348E-4	1.103048329E-3	1.292439527E-3	1.298254007E-3	1.184718218E-3
1.594467321E-3	1.502090367E-3	1.328564249E-3	1.115494175E-3	1.046258840E-3	1.228467445E-3	1.354805077E-3	1.256612362E-3	1.082151895E-3	9.858529083E-4	9.760017274E-4	1.026548678E-3	1.213367330E-3	1.396400738E-3	1.391720376E-3	1.294853631E-3	1.224497566E-3	1.160389977E-3	1.029180596E-3	8.475449868E-4	7.377006696E-4	8.470832254E-4	1.088443445E-3	1.212066622E-3	1.215633587E-3	1.226194086E-3	1.287301886E-3	1.295344438E-3	1.183539978E-3	1.030942658E-3
1.811985858E-3	1.676450716E-3	1.393091981E-3	1.157046063E-3	1.115884050E-3	1.306466060E-3	1.388797187E-3	1.115301508E-3	7.591562462E-4	6.904861657E-4	8.622936439E-4	1.035797875E-3	1.222171821E-3	1.402008580E-3	1.439797576E-3	1.391098252E-3	1.351091429E-3	1.265180763E-3	1.098278561E-3	8.913697675E-4	7.231326308E-4	7.863218780E-4	1.041816198E-3	1.197068603E-3	1.257546013E-3	1.367736375E-3	1.454884652E-3	1.344025834E-3	1.039643656E-3	7.373275002E-4
NaN	1.607032958E-3	1.447794028E-3	1.268251915E-3	1.184070250E-3	1.325060264E-3	1.459431252E-3	1.243376406E-3	8.738862234E-4	7.755632978E-4	9.154271102E-4	1.051900792E-3	1.189046307E-3	1.327989274E-3	1.374508021E-3	1.403839211E-3	1.441561268E-3	1.296231756E-3	1.020719996E-3	8.567324257E-4	8.566110628E-4	1.007604296E-3	1.144082518E-3	1.137331594E-3	1.166499103E-3	1.288599451E-3	1.380749978E-3	1.315074391E-3	1.017946866E-3	6.570378901E-4
NaN	1.400240115E-3	1.361722127E-3	1.192218391E-3	1.053549349E-3	1.179316198E-3	1.390045509E-3	1.330391970E-3	1.116412343E-3	1.052091364E-3	1.073200023E-3	1.098888577E-3	1.218316611E-3	1.342345960E-3	1.356380759E-3	1.399275032E-3	1.469096285E-3	1.305664540E-3	1.032640692E-3	9.967153892E-4	1.174616278E-3	1.323686796E-3	1.234835829E-3	1.077216933E-3	1.133468701E-3	1.233530114E-3	1.262930105E-3	1.263215439E-3	1.109155943E-3	8.267775993E-4
1.185437082E-3	1.163169974E-3	1.168968040E-3	1.042444725E-3	9.599212790E-4	1.107484451E-3	1.264555729E-3	1.216947567E-3	1.161956927E-3	1.238798373E-3	1.224261359E-3	1.117820852E-3	1.143884030E-3	1.234868192E-3	1.265509403E-3	1.326619647E-3	1.373000676E-3	1.233176794E-3	1.058815047E-3	1.069909893E-3	1.192046562E-3	1.213157433E-3	1.012355671E-3	8.865139680E-4	1.067132689E-3	1.233103336E-3	1.255452400E-3	1.243963488E-3	1.158278668E-3	1.009367057E-3
1.015335904E-3	9.595533484E-4	9.689494618E-4	9.548661183E-4	1.049208804E-3	1.271898393E-3	1.347937738E-3	1.220280770E-3	1.196105499E-3	1.345092431E-3	1.326863538E-3	1.090910053E-3	9.597122553E-4	1.015510526E-3	1.127654337E-3	1.239602570E-3	1.249119174E-3	1.114690444E-3	9.970100364E-4	9.412764921E-4	8.870521560E-4	8.324669325E-4	7.518554339E-4	7.933072047E-4	1.056166599E-3	1.287838677E-3	1.358299982E-3	1.317202928E-3	1.232728246E-3	1.183252549E-3
8.671797696E-4	9.204765665E-4	9.341719560E-4	9.171565180E-4	1.063609379E-3	1.324885641E-3	1.403217786E-3	1.256961143E-3	1.165463007E-3	1.249992871E-3	1.258713659E-3	1.057774760E-3	9.123126511E-4	9.835066739E-4	1.120472094E-3	1.194246230E-3	1.142777386E-3	1.011603861E-3	9.579564212E-4	9.073074325E-4	7.404581411E-4	6.244577817E-4	6.860058638E-4	8.927871822E-4	1.181685133E-3	1.416650834E-3	1.502593746E-3	1.451496617E-3	1.362492330E-3	1.313133864E-3
8.294784348E-4	1.019879477E-3	1.041924697E-3	9.358258103E-4	9.929954540E-4	1.185846166E-3	1.280694501E-3	1.214577467E-3	1.106985495E-3	1.103172312E-3	1.154291094E-3	1.096123829E-3	1.009828993E-3	1.043812837E-3	1.117240754E-3	1.143747708E-3	1.085572178E-3	9.604424704E-4	9.387440514E-4	9.465584881E-4	7.543562679E-4	5.535775563E-4	6.254836917E-4	8.937206003E-4	1.191178686E-3	1.428530901E-3	1.526660519E-3	1.473796437E-3	1.350484090E-3	1.242336351E-3
9.676191257E-4	1.074344036E-3	1.042765449E-3	9.848466143E-4	1.086621429E-3	1.188994036E-3	1.201846637E-3	1.183547894E-3	1.109358040E-3	1.060089679E-3	1.142989844E-3	1.215805067E-3	1.164305373E-3	1.077653258E-3	1.027412596E-3	1.062080381E-3	1.101910835E-3	9.915438714E-4	8.924578433E-4	8.685989305E-4	6.893540849E-4	4.776819842E-4	5.435977364E-4	8.334972081E-4	1.141714514E-3	1.387726516E-3	1.512134098E-3	1.459026826E-3	1.282707672E-3	1.129596611E-3
NaN	NaN	1.088104909E-3	1.095932443E-3	1.228765235E-3	1.239683130E-3	1.186219160E-3	1.185974805E-3	1.090384554E-3	9.697491769E-4	1.066818484E-3	1.280352008E-3	1.348329359E-3	1.224312466E-3	1.038437127E-3	1.034429879E-3	1.180203399E-3	1.133654150E-3	9.857843397E-4	9.296086500E-4	7.844123174E-4	5.950970226E-4	6.646213587E-4	9.856065735E-4	1.279932563E-3	1.441768138E-3	1.537527307E-3	1.538308570E-3	1.412589219E-3	1.258062781E-3
NaN	NaN	NaN	NaN	1.204997185E-3	1.138395979E-3	1.200724044E-3	1.308698556E-3	1.169204712E-3	9.392893990E-4	9.917105781E-4	1.266457140E-3	1.450042473E-3	1.384573872E-3	1.157156425E-3	1.129422453E-3	1.332398271E-3	1.327363192E-3	1.179740881E-3	1.163613866E-3	1.105801319E-3	9.508890798E-4	9.665237158E-4	1.218619989E-3	1.420597895E-3	1.453285106E-3	1.504375250E-3	1.576830866E-3	1.530500478E-3	1.385866315E-3
NaN	NaN	NaN	NaN	NaN	NaN	1.199659775E-3	1.386842108E-3	1.294965623E-3	1.113410923E-3	1.158726867E-3	1.350072096E-3	1.462182729E-3	1.400555484E-3	1.223084982E-3	1.253406750E-3	1.478926395E-3	1.434846665E-3	1.223528991E-3	1.194505487E-3	1.216825447E-3	1.147194533E-3	1.107742428E-3	1.202896819E-3	1.322367112E-3	1.393669634E-3	1.496075653E-3	1.535246265E-3	1.415336039E-3	1.253470313E-3
NaN	NaN	NaN	NaN	NaN	NaN	NaN	1.313633169E-3	1.329674735E-3	1.331195584E-3	1.430756296E-3	1.486673020E-3	1.444373396E-3	1.357615343E-3	1.236953307E-3	1.298026764E-3	1.498029917E-3	1.385526848E-3	1.057093381E-3	9.307326400E-4	9.878096171E-4	1.043270458E-3	1.043259399E-3	1.069977647E-3	1.204677392E-3	1.407904900E-3	NaN	1.434269943E-3	1.219602069E-3	1.082989154E-3
NaN	NaN	NaN	NaN	NaN	NaN	NaN	1.321416232E-3	1.344122691E-3	1.376580098E-3	1.446054666E-3	1.428482705E-3	1.389624318E-3	1.386218704E-3	1.314678462E-3	1.329132705E-3	1.453126082E-3	1.284096856E-3	8.547992329E-4	6.358434912E-4	7.527398993E-4	9.844475426E-4	1.126763294E-3	1.210141578E-3	1.359060407E-3	1.512486720E-3	1.478450606E-3	1.262653037E-3	1.136526000E-3	1.133771148E-3
NaN	NaN	NaN	NaN	NaN	NaN	NaN	1.337068388E-3	1.254236908E-3	1.234451192E-3	1.248222659E-3	1.230760245E-3	1.334135886E-3	1.482432359E-3	1.448772033E-3	1.378602465E-3	1.407850417E-3	1.279824646E-3	9.402869618E-4	7.331376546E-4	8.678581798E-4	1.176984864E-3	1.387364813E-3	1.488439157E-3	1.563366735E-3	1.535495045E-3	1.339274226E-3	1.149420277E-3	1.196872676E-3	1.308361068E-3
NaN	NaN	NaN	NaN	NaN	NaN	NaN	1.190295443E-3	1.008042600E-3	1.090284321E-3	1.196873258E-3	1.199737657E-3	1.353113214E-3	1.555718947E-3	1.543128164E-3	1.404903829E-3	1.318644034E-3	1.264672261E-3	1.189547242E-3	1.132009667E-3	1.193580916E-3	1.352276653E-3	1.448638854E-3	1.484537148E-3	1.479392755E-3	1.379886409E-3	1.235889853E-3	1.162007800E-3	1.220289851E-3	1.263140817E-3
