NaN	5.697994493E-5	6.472672103E-4	1.181102940E-3	1.502468716E-3	NaN	NaN	NaN	NaN	NaN	NaN	1.848169486E-3	1.710060285E-3	1.253001625E-3	8.045611903E-4	6.350986660E-4	6.423772429E-4	6.990559632E-4	5.838751676E-4	3.305914579E-4	2.455459326E-4	3.514432465E-4	3.901550663E-4	3.280308738E-4	4.142550752E-4	5.818242207E-4	5.726695526E-4	4.703424638E-4	4.170883331E-4	NaN	NaN	NaN	NaN	4.976642085E-4	3.905799531E-4	2.446715080E-4	2.537124092E-4	4.244479351E-4
NaN	1.381080801E-4	7.562842802E-4	1.270038076E-3	1.477324404E-3	NaN	NaN	NaN	NaN	NaN	NaN	NaN	1.514821313E-3	1.227228786E-3	9.176797466E-4	8.004861302E-4	8.207294159E-4	8.837303612E-4	7.997903740E-4	5.559333367E-4	4.079072387E-4	4.050119023E-4	3.348953906E-4	1.827359374E-4	2.890564792E-4	6.040069857E-4	7.119194488E-4	6.333991187E-4	5.244452041E-4	3.032010281E-4	NaN	NaN	NaN	NaN	NaN	NaN	NaN	NaN
1.621190131E-5	4.392944393E-4	8.808004204E-4	1.290749991E-3	1.506566885E-3	NaN	NaN	NaN	NaN	NaN	NaN	NaN	1.442500041E-3	1.284927013E-3	9.953135159E-4	8.465203573E-4	9.162435890E-4	1.036610571E-3	9.474796825E-4	7.219352410E-4	6.584373186E-4	7.373723784E-4	7.145215641E-4	5.509816110E-4	5.615689442E-4	7.698522531E-4	8.585897740E-4	7.695282111E-4	5.510380142E-4	2.791691513E-4	6.727989239E-5	NaN	NaN	NaN	NaN	NaN	NaN	NaN
3.786027082E-4	6.942728651E-4	8.836441557E-4	1.203458756E-3	1.474812161E-3	1.596696093E-3	NaN	NaN	NaN	NaN	NaN	NaN	1.648428733E-3	1.428222051E-3	9.629281121E-4	6.858467241E-4	7.675604429E-4	9.502539760E-4	8.581527509E-4	6.359749241E-4	7.009336259E-4	1.014363486E-3	1.216572244E-3	1.102536335E-3	9.191650315E-4	8.756222087E-4	8.874001214E-4	7.962959935E-4	4.686518805E-4	1.497916237E-4	8.071123011E-5	9.547938680E-5	1.485021348E-4	2.232099505E-4	6.324286369E-5	NaN	NaN	NaN
6.654036115E-4	8.474886417E-4	8.658085717E-4	1.101586851E-3	1.314964611E-3	1.391494763E-3	NaN	NaN	NaN	NaN	NaN	NaN	1.869383035E-3	1.481322921E-3	8.514946676E-4	4.350536037E-4	3.948614758E-4	5.666722427E-4	5.626636557E-4	4.320916778E-4	5.745401140E-4	9.920345619E-4	1.349412254E-3	1.346486039E-3	1.127496478E-3	9.913437534E-4	9.930559900E-4	9.038382559E-4	4.584975541E-4	NaN	NaN	2.041378757E-4	4.820403701E-4	6.312418845E-4	5.000832607E-4	2.465971920E-4	1.019129777E-4	NaN
7.718667039E-4	8.609103970E-4	8.374950266E-4	9.929243242E-4	1.057681395E-3	1.095136278E-3	1.359378337E-3	NaN	NaN	NaN	NaN	1.985439099E-3	1.959459158E-3	1.477343030E-3	8.196970448E-4	3.189790878E-4	1.057622940E-4	1.781854808E-4	2.483043354E-4	2.682454651E-4	4.704059393E-4	8.273427375E-4	1.175434561E-3	1.288036234E-3	1.174114761E-3	1.077761641E-3	1.095433254E-3	1.010419335E-3	5.475891521E-4	1.067247649E-5	NaN	3.281755198E-4	8.137138793E-4	1.088308054E-3	9.883923922E-4	6.899550208E-4	4.624624853E-4	1.859999466E-4
6.844517775E-4	7.021309575E-4	7.185789291E-4	8.662731852E-4	8.907167939E-4	9.924859041E-4	1.315319445E-3	1.423835056E-3	NaN	NaN	1.778360340E-3	1.932501211E-3	1.839012140E-3	1.425015624E-3	8.649213705E-4	3.855261020E-4	1.367096120E-4	1.376265282E-4	2.024860441E-4	3.097917943E-4	5.197143764E-4	7.491052384E-4	1.024378580E-3	1.205163309E-3	1.135098282E-3	9.831256466E-4	9.167332901E-4	8.253793349E-4	5.106979515E-4	1.537630160E-4	1.508193091E-4	5.262935883E-4	9.900021832E-4	1.311750384E-3	1.299901982E-3	9.907440981E-4	6.879136781E-4	4.441489873E-4
5.143212038E-4	4.593583290E-4	5.412950995E-4	7.678719703E-4	9.264523396E-4	1.182437642E-3	1.538931858E-3	1.554010320E-3	1.353333937E-3	1.370670507E-3	1.562751131E-3	1.693908940E-3	1.610063016E-3	1.284180325E-3	7.970002480E-4	3.981110931E-4	3.005109611E-4	3.887401836E-4	4.764581681E-4	5.731182173E-4	6.599876797E-4	7.228960749E-4	9.502269677E-4	1.212715288E-3	1.184537890E-3	9.440524736E-4	7.230890333E-4	5.600570585E-4	3.741641704E-4	2.309650008E-4	3.477128339E-4	7.188773016E-4	1.123264083E-3	1.432935591E-3	1.513935742E-3	1.287038787E-3	9.749350720E-4	8.255504072E-4
5.193476682E-4	3.834515228E-4	4.524768738E-4	6.881956360E-4	9.824717417E-4	1.350565348E-3	1.661373768E-3	1.572252484E-3	1.159713487E-3	9.692750173E-4	1.165180351E-3	1.387998345E-3	1.358869602E-3	1.058054157E-3	5.490944604E-4	1.939151989E-4	2.569186618E-4	4.728733038E-4	6.081383326E-4	6.674762699E-4	6.573589053E-4	6.759869284E-4	9.366141749E-4	1.258455799E-3	1.254102564E-3	9.968583472E-4	7.642502314E-4	6.387725007E-4	5.452143960E-4	4.520360089E-4	5.238673184E-4	8.448802400E-4	1.248714630E-3	1.572653069E-3	1.736053964E-3	1.664435375E-3	1.407769392E-3	1.226075925E-3
7.464245427E-4	5.665867357E-4	5.177544081E-4	6.077486323E-4	8.724027430E-4	1.210989663E-3	1.418407192E-3	1.316658221E-3	8.957313257E-4	6.282207323E-4	7.568860310E-4	9.265497793E-4	9.151162230E-4	6.956785219E-4	2.681335318E-4	3.988598564E-6	1.090883234E-4	2.954905794E-4	4.272670485E-4	5.376779009E-4	6.319092354E-4	7.782687317E-4	1.086904667E-3	1.354685286E-3	1.255641924E-3	9.597043390E-4	8.282066556E-4	9.076443384E-4	9.897236014E-4	9.094484849E-4	8.107948233E-4	9.188139229E-4	1.210742281E-3	1.540173660E-3	1.820378355E-3	1.950282487E-3	1.806291635E-3	1.533024246E-3
8.541223360E-4	6.715437048E-4	5.672650877E-4	5.909836036E-4	7.646344020E-4	9.545874200E-4	1.035324414E-3	1.003821497E-3	7.890517008E-4	5.851181922E-4	4.866979434E-4	3.713687474E-4	3.242442326E-4	2.534615342E-4	3.311709224E-5	NaN	NaN	1.469990675E-4	2.038062230E-4	3.982050985E-4	6.866213516E-4	9.825931629E-4	1.298880787E-3	1.515731448E-3	1.388003933E-3	1.056439825E-3	8.933846257E-4	1.002672245E-3	1.165499794E-3	1.138641383E-3	9.874216048E-4	9.378318791E-4	1.063113683E-3	1.322188880E-3	1.626331010E-3	1.850847737E-3	1.871452550E-3	1.714865444E-3
7.597134681E-4	5.975715467E-4	5.373809836E-4	6.198101328E-4	7.607589359E-4	8.222682518E-4	7.844915381E-4	7.344544865E-4	6.194895832E-4	4.470014246E-4	1.796066063E-4	NaN	6.684161690E-6	NaN	NaN	NaN	NaN	NaN	6.758079689E-5	2.194815024E-4	6.030037184E-4	1.007927000E-3	1.364179421E-3	1.619700808E-3	1.579242991E-3	1.258294797E-3	9.262077510E-4	8.086370071E-4	8.745908854E-4	9.263282409E-4	9.176668827E-4	9.356283117E-4	1.026709331E-3	1.213846612E-3	1.387399621E-3	1.463419292E-3	1.535989111E-3	1.628458733E-3
7.574940100E-4	6.580975023E-4	5.821037921E-4	6.032056408E-4	7.392044063E-4	7.988729631E-4	6.953227567E-4	5.268126260E-4	2.886480361E-4	NaN	NaN	NaN	NaN	NaN	NaN	NaN	NaN	NaN	NaN	9.984314966E-5	4.228941980E-4	8.385298424E-4	1.255946932E-3	1.554652466E-3	1.526390552E-3	1.189624891E-3	7.495002355E-4	4.805486824E-4	4.993817420E-4	6.397341494E-4	7.549461443E-4	8.344717789E-4	9.371900233E-4	1.142644323E-3	1.274261624E-3	1.193067175E-3	1.152969548E-3	1.313528628E-3
1.026679180E-3	9.817635873E-4	8.008282166E-4	6.654315512E-4	8.101064595E-4	9.012743831E-4	7.406314835E-4	4.932396114E-4	1.196782177E-4	NaN	NaN	NaN	NaN	NaN	NaN	NaN	NaN	NaN	NaN	1.088569770E-4	2.902654815E-4	5.970302154E-4	1.040059957E-3	1.364889438E-3	1.299434225E-3	9.721929091E-4	5.622891476E-4	3.093336418E-4	3.619374183E-4	5.027748412E-4	5.645291531E-4	5.884174025E-4	6.775307120E-4	9.574180003E-4	1.235761447E-3	1.224062289E-3	1.094350475E-3	1.160170650E-3
1.333071035E-3	1.249026041E-3	9.406932513E-4	6.972340052E-4	8.170087822E-4	8.750861743E-4	7.207054878E-4	5.514032673E-4	2.073944343E-4	NaN	NaN	NaN	2.243625204E-5	5.332267756E-5	NaN	NaN	NaN	NaN	NaN	6.579206092E-5	1.694188686E-4	3.895111440E-4	8.649377851E-4	1.240208163E-3	1.181549393E-3	9.231608128E-4	6.096430006E-4	4.061867367E-4	4.591075412E-4	5.039006937E-4	4.360113526E-4	4.113271134E-4	4.839340691E-4	7.730256184E-4	1.201123232E-3	1.384356990E-3	1.265587052E-3	1.233336516E-3
1.288576517E-3	1.108352211E-3	7.308294298E-4	4.395394353E-4	4.373111879E-4	4.161122197E-4	4.314670514E-4	5.544531741E-4	4.864021321E-4	2.214026754E-4	1.237724937E-4	3.936934809E-4	6.404678570E-4	5.290391855E-4	3.260073427E-4	1.965808187E-4	NaN	NaN	NaN	NaN	9.025001054E-5	3.111173573E-4	8.163261809E-4	1.265296945E-3	1.228461741E-3	9.800479747E-4	7.766071940E-4	7.027675747E-4	7.793012774E-4	7.270683418E-4	5.228038062E-4	3.952418338E-4	3.475958656E-4	5.315118469E-4	1.029210864E-3	1.405321178E-3	1.361225848E-3	1.241174177E-3
8.933861973E-4	6.882293383E-4	4.336032143E-4	2.508712350E-4	1.631176274E-4	3.255458796E-5	1.542841783E-4	5.219490849E-4	7.953043096E-4	9.744951385E-4	1.181080821E-3	1.375616295E-3	1.333390479E-3	1.021068194E-3	7.297582924E-4	5.509578623E-4	3.053156252E-4	NaN	NaN	NaN	3.822139115E-5	3.001078439E-4	8.112125797E-4	1.356406719E-3	1.368654543E-3	1.055671019E-3	9.557626909E-4	1.104991534E-3	1.247231266E-3	1.119139604E-3	7.822602056E-4	4.684350279E-4	1.968555443E-4	1.964777766E-4	6.432211958E-4	1.095824409E-3	1.143946545E-3	9.938571602E-4
4.381129402E-4	2.971999638E-4	3.221447987E-4	4.048471747E-4	4.038659099E-4	2.297171450E-4	2.517956018E-4	4.961456871E-4	7.869300898E-4	1.218885765E-3	1.702541718E-3	1.914381864E-3	1.692160382E-3	1.247478067E-3	9.155592415E-4	7.521316293E-4	5.503934226E-4	1.923871896E-4	NaN	NaN	NaN	1.733025565E-4	7.206642767E-4	1.364587923E-3	1.472486299E-3	1.171036623E-3	1.154597150E-3	1.433641650E-3	1.565040206E-3	1.345881377E-3	9.368814062E-4	5.481079570E-4	1.615881920E-4	NaN	1.926210389E-4	5.272583221E-4	5.975581007E-4	NaN
2.360093931E-4	1.855858136E-4	4.366353387E-4	6.902732421E-4	7.753483951E-4	6.635584286E-4	6.100991159E-4	5.653514527E-4	5.785658141E-4	9.617465548E-4	1.550119719E-3	1.823966275E-3	1.630788553E-3	1.250799745E-3	9.438725538E-4	7.990606246E-4	7.422050694E-4	5.597183481E-4	1.961899252E-4	NaN	NaN	NaN	5.440933164E-4	1.197492238E-3	1.387791592E-3	1.241830294E-3	1.272452530E-3	1.469190000E-3	1.478744089E-3	1.167161507E-3	7.643047720E-4	5.004530540E-4	2.510910272E-4	NaN	NaN	NaN	NaN	NaN
4.411326081E-4	4.537155037E-4	7.468328695E-4	9.975319263E-4	1.069411053E-3	1.012489432E-3	9.747393196E-4	8.169452194E-4	6.370400079E-4	7.768683136E-4	1.142346766E-3	1.337297144E-3	1.290558372E-3	1.179122948E-3	1.027664402E-3	9.151160484E-4	9.395392262E-4	8.597624255E-4	5.084565491E-4	1.139789238E-4	NaN	NaN	4.023727088E-4	9.715373162E-4	1.228037174E-3	1.277032541E-3	1.278212061E-3	1.266062260E-3	1.166945323E-3	8.748885593E-4	5.353958113E-4	3.860385041E-4	NaN	NaN	NaN	NaN	NaN	NaN
8.386917762E-4	8.404353284E-4	9.987518424E-4	1.183805405E-3	1.266330364E-3	1.223883592E-3	1.175983343E-3	1.091556507E-3	9.521922912E-4	8.601734298E-4	8.898269152E-4	9.663369856E-4	1.062569674E-3	1.178128761E-3	1.150319469E-3	1.048902166E-3	1.071003615E-3	9.957489092E-4	6.759203970E-4	3.463552566E-4	1.002890131E-4	4.152824113E-5	3.489291121E-4	8.015087224E-4	1.128087868E-3	1.267969841E-3	1.145930146E-3	9.343584534E-4	8.231763495E-4	7.093510358E-4	4.818012530E-4	2.843857219E-4	NaN	NaN	NaN	NaN	NaN	NaN
1.109482720E-3	1.107770950E-3	1.116297673E-3	1.175198471E-3	1.243430888E-3	1.226368127E-3	1.191727235E-3	1.224822481E-3	1.217282494E-3	1.117894892E-3	1.095104497E-3	1.164122601E-3	1.249059918E-3	1.318441937E-3	1.257425989E-3	1.154709840E-3	1.161888707E-3	1.095643383E-3	8.999850252E-4	7.500427309E-4	6.073387340E-4	4.520537041E-4	4.706706968E-4	7.082606317E-4	9.879267309E-4	1.051120227E-3	7.663895958E-4	4.130283487E-4	3.061960742E-4	3.977501765E-4	3.689680598E-4	NaN	NaN	NaN	NaN	NaN	NaN	NaN
1.277147559E-3	1.334472676E-3	1.332002226E-3	1.254615723E-3	1.226889086E-3	1.250444446E-3	1.267090440E-3	1.282202429E-3	1.278519514E-3	1.351403655E-3	1.556237694E-3	1.683361595E-3	1.637772541E-3	1.519520534E-3	1.367986202E-3	1.254344359E-3	1.224584063E-3	1.196186990E-3	1.193790114E-3	1.235683681E-3	1.191241434E-3	9.854229866E-4	7.251373027E-4	6.316026556E-4	7.094836910E-4	6.646675756E-4	3.308966989E-4	NaN	NaN	NaN	NaN	NaN	NaN	NaN	NaN	NaN	NaN	NaN
1.418742933E-3	1.514910138E-3	1.587148639E-3	1.479387633E-3	1.372022671E-3	1.401507528E-3	1.414709724E-3	1.263192855E-3	1.118420740E-3	NaN	NaN	NaN	NaN	1.648484496E-3	1.487828093E-3	1.332471380E-3	1.220256207E-3	1.220060047E-3	1.340715215E-3	1.458058367E-3	1.484847278E-3	1.353531727E-3	9.741311078E-4	5.894816131E-4	4.656987730E-4	3.964228672E-4	1.284651808E-4	NaN	NaN	NaN	NaN	NaN	NaN	NaN	NaN	NaN	NaN	NaN
NaN	NaN	NaN	NaN	NaN	NaN	NaN	NaN	NaN	NaN	NaN	NaN	NaN	1.614878536E-3	1.572331763E-3	1.402377267E-3	1.207790454E-3	1.172910328E-3	1.260961639E-3	1.364452648E-3	1.492967596E-3	1.510307076E-3	1.150847063E-3	6.725291023E-4	4.714656970E-4	3.518521553E-4	7.431994163E-5	NaN	NaN	NaN	3.449840005E-4	4.912747536E-4	NaN	NaN	NaN	NaN	NaN	NaN
NaN	NaN	NaN	NaN	NaN	NaN	NaN	NaN	NaN	NaN	NaN	NaN	NaN	1.407744945E-3	1.512298244E-3	1.370158861E-3	1.134222373E-3	1.051736064E-3	1.072335755E-3	1.165033667E-3	1.364524709E-3	1.434901729E-3	1.111693331E-3	7.428103709E-4	6.304841954E-4	4.633133358E-4	1.580456446E-4	NaN	NaN	7.650197222E-5	5.553765222E-4	8.191338857E-4	6.571073900E-4	4.613055207E-4	3.727556905E-4	9.518061415E-5	NaN	NaN
NaN	NaN	NaN	NaN	NaN	NaN	NaN	NaN	NaN	NaN	NaN	NaN	1.159506850E-3	1.143077970E-3	1.271260204E-3	1.144667971E-3	9.150552214E-4	8.492105990E-4	9.223446250E-4	1.060713315E-3	1.231514034E-3	1.230050228E-3	9.085983620E-4	6.884690374E-4	7.523497916E-4	6.740025128E-4	4.799180315E-4	3.757825762E-4	2.968973131E-4	3.908004728E-4	7.389709353E-4	1.038804417E-3	1.011131448E-3	9.326142026E-4	8.508551400E-4	4.144076083E-4	1.398583263E-4	3.958405578E-4
NaN	NaN	NaN	NaN	NaN	NaN	NaN	NaN	NaN	NaN	1.415854786E-3	1.302127144E-3	1.031294698E-3	9.457470733E-4	9.838658152E-4	8.770245477E-4	7.149180165E-4	6.770893815E-4	8.480229299E-4	1.079946407E-3	1.193868229E-3	1.103118062E-3	7.697616238E-4	5.949075567E-4	7.373387925E-4	7.466602256E-4	6.825309829E-4	7.591557805E-4	7.712525548E-4	7.434852305E-4	8.709920221E-4	1.091218786E-3	1.149087446E-3	1.152732410E-3	1.138616703E-3	7.986199344E-4	4.888426629E-4	5.380734801E-4
NaN	NaN	NaN	NaN	NaN	NaN	NaN	NaN	1.357319998E-3	1.414881321E-3	1.364227268E-3	1.170311705E-3	9.642145014E-4	9.220454376E-4	9.299024823E-4	8.770354325E-4	7.806972135E-4	6.712367758E-4	7.886650274E-4	1.050914288E-3	1.136530307E-3	1.007368090E-3	7.057481562E-4	5.447681178E-4	6.567250239E-4	6.387581816E-4	5.719144829E-4	7.102258387E-4	8.204811602E-4	8.233638364E-4	9.102389449E-4	1.118508051E-3	1.212990144E-3	1.183570479E-3	1.163368695E-3	1.014517853E-3	7.989823353E-4	6.964317872E-4
NaN	NaN	NaN	NaN	NaN	NaN	1.296748756E-3	1.229126472E-3	1.174634555E-3	1.244321349E-3	1.275486895E-3	1.135752536E-3	1.001759898E-3	1.081007998E-3	1.199865364E-3	1.190988580E-3	1.064112177E-3	8.308149409E-4	7.582260296E-4	8.818209171E-4	8.969212067E-4	7.672481588E-4	5.730309058E-4	4.987313296E-4	6.283779512E-4	6.602326757E-4	5.638626753E-4	5.270735128E-4	5.318111507E-4	6.174164591E-4	8.479553508E-4	1.128825708E-3	1.273722039E-3	1.267301734E-3	1.208412345E-3	1.085516065E-3	9.152026614E-4	8.073954377E-4
NaN	NaN	NaN	NaN	NaN	1.096415333E-3	1.035105553E-3	1.017900300E-3	9.325989522E-4	1.065710327E-3	1.265532337E-3	1.215555589E-3	1.093747327E-3	1.246783650E-3	1.491131610E-3	1.453131088E-3	1.212787698E-3	9.574122378E-4	7.816752186E-4	6.850212812E-4	5.536876270E-4	4.241895222E-4	3.423508606E-4	3.526912187E-4	5.799529608E-4	8.521160344E-4	8.471579640E-4	5.925154546E-4	4.208105966E-4	5.303672515E-4	7.966302801E-4	1.022088807E-3	1.170625910E-3	1.300845761E-3	1.338075846E-3	1.218043733E-3	1.052929205E-3	1.006387058E-3
1.289478503E-3	1.458659302E-3	1.475700759E-3	1.397636952E-3	1.165498514E-3	8.350118878E-4	7.851070259E-4	8.529390325E-4	8.493787027E-4	1.040602918E-3	1.287736581E-3	1.278158743E-3	1.157595078E-3	1.276496449E-3	1.533517614E-3	1.464538858E-3	1.170664094E-3	1.009381493E-3	8.785355021E-4	6.348376046E-4	3.915625566E-4	2.973610535E-4	2.746399259E-4	2.768583654E-4	5.530721974E-4	9.826868773E-4	1.025555772E-3	7.119840011E-4	5.756771425E-4	7.408373640E-4	9.505805210E-4	1.033169567E-3	1.064234762E-3	1.219056663E-3	1.377518638E-3	1.359116985E-3	1.239888370E-3	1.227360335E-3
1.517661382E-3	1.612456399E-3	1.445383416E-3	1.242751372E-3	1.067504403E-3	8.083746652E-4	7.578713703E-4	8.607659838E-4	9.031410445E-4	1.063097268E-3	1.252772869E-3	1.268835273E-3	1.186808106E-3	1.214967924E-3	1.385472366E-3	1.361908624E-3	1.164251124E-3	1.124165370E-3	1.073927153E-3	8.243362536E-4	6.293596816E-4	6.462485762E-4	6.433291710E-4	5.854706396E-4	7.744468749E-4	1.009207335E-3	8.577246917E-4	5.836642813E-4	6.179073243E-4	8.866305579E-4	1.168078161E-3	1.260896679E-3	1.163336565E-3	1.183920540E-3	1.309301006E-3	1.312943641E-3	1.203084365E-3	1.170578529E-3
1.482459949E-3	1.467749244E-3	1.256420859E-3	1.124499831E-3	1.112825470E-3	9.995530127E-4	1.010463806E-3	1.119228895E-3	1.083653071E-3	1.082609990E-3	1.143379719E-3	1.154205063E-3	1.141020097E-3	1.136749750E-3	1.192458905E-3	1.199317048E-3	1.157515799E-3	1.234393683E-3	1.259468729E-3	1.130634919E-3	1.133952755E-3	1.290343120E-3	1.280866680E-3	1.162930042E-3	1.172198448E-3	1.038614078E-3	6.590787088E-4	4.774912086E-4	6.174533628E-4	8.808647981E-4	1.199830673E-3	1.342647127E-3	1.218159217E-3	1.181317493E-3	1.204236411E-3	1.063124160E-3	8.984953747E-4	8.765838575E-4
1.165693975E-3	1.138103660E-3	1.059490023E-3	1.033063396E-3	1.087368466E-3	1.101427362E-3	1.264460501E-3	1.462814398E-3	1.375202555E-3	1.193240518E-3	1.073036925E-3	9.968926897E-4	1.029399224E-3	1.093091676E-3	1.108473167E-3	1.108914614E-3	1.174360863E-3	1.348667312E-3	1.442795387E-3	1.421462512E-3	1.552911010E-3	1.757798251E-3	1.706534997E-3	1.469547860E-3	1.234287512E-3	8.793437155E-4	5.355703179E-4	5.610770895E-4	8.329337579E-4	1.055000117E-3	1.188936643E-3	1.167747192E-3	1.020665048E-3	1.013187459E-3	9.711527964E-4	6.815000670E-4	5.111481878E-4	6.191912689E-4
9.539634921E-4	1.039532013E-3	1.084680203E-3	1.055106753E-3	1.061875955E-3	1.126874355E-3	1.393772312E-3	1.685076975E-3	1.619774848E-3	1.364224823E-3	1.148970565E-3	1.007145736E-3	1.048498787E-3	1.183670945E-3	1.229100511E-3	1.205533277E-3	1.223643310E-3	1.384590636E-3	1.559544355E-3	1.606367528E-3	1.687935670E-3	1.820925041E-3	1.738930936E-3	1.343523967E-3	8.379585925E-4	4.341003660E-4	2.958153200E-4	5.486323498E-4	1.032989356E-3	1.338318805E-3	1.266742591E-3	1.003760728E-3	7.502702647E-4	6.429466885E-4	5.413774634E-4	2.597195271E-4	1.600397663E-4	3.876302508E-4
1.107425895E-3	1.227374189E-3	1.185263158E-3	1.110102632E-3	1.144938520E-3	1.188579598E-3	1.351379324E-3	1.573845977E-3	1.507994020E-3	1.303518075E-3	1.189709059E-3	1.127455849E-3	1.180692809E-3	1.300535630E-3	1.327911625E-3	1.227902714E-3	1.089624246E-3	1.182020525E-3	1.492779003E-3	1.669611200E-3	1.691191574E-3	1.743604196E-3	1.681915717E-3	1.223555650E-3	5.749671254E-4	1.810491522E-4	1.424725488E-4	4.431799171E-4	1.014010748E-3	1.390644116E-3	1.261369907E-3	9.628797416E-4	6.768575404E-4	4.193347413E-4	2.821141388E-4	1.197240126E-4	4.844593786E-5	1.859662152E-4
1.331652980E-3	1.414120896E-3	1.179041108E-3	1.059654169E-3	1.184370834E-3	1.160951913E-3	1.113077742E-3	1.212395378E-3	1.156069920E-3	1.051865052E-3	1.067533623E-3	1.067436533E-3	1.106940792E-3	1.200348837E-3	1.205768203E-3	1.052799635E-3	8.752473514E-4	1.017952571E-3	1.434065867E-3	1.673641149E-3	1.678825123E-3	1.700555789E-3	1.645374577E-3	1.219323138E-3	6.424458115E-4	3.173227597E-4	2.252395352E-4	3.946124343E-4	8.704719949E-4	1.168620307E-3	1.024530735E-3	8.790558204E-4	8.023512783E-4	6.246355479E-4	5.057700910E-4	3.732384648E-4	2.147785417E-4	1.224229636E-4
1.241514692E-3	1.333877328E-3	1.027392573E-3	8.912437479E-4	1.085485797E-3	1.065762015E-3	9.782849811E-4	1.123975613E-3	1.147189061E-3	1.074037631E-3	1.051644911E-3	9.409887134E-4	8.799547213E-4	9.722549585E-4	1.025014441E-3	9.034848772E-4	8.090761257E-4	1.048375736E-3	1.432883088E-3	1.551487483E-3	1.491564093E-3	1.518138801E-3	1.469988027E-3	1.112555969E-3	7.236605161E-4	5.355656031E-4	3.679568763E-4	3.776334052E-4	7.373176049E-4	9.411651408E-4	7.851620903E-4	7.734908722E-4	9.931813693E-4	1.108171418E-3	1.027620165E-3	7.700565620E-4	4.758045543E-4	1.915564935E-4
1.055145403E-3	1.092834631E-3	8.544194861E-4	8.056840161E-4	1.089066733E-3	1.174195902E-3	1.178789418E-3	1.412500045E-3	1.454916433E-3	1.271372894E-3	1.110739773E-3	9.006836917E-4	7.558943471E-4	8.192989626E-4	9.277639329E-4	9.087284561E-4	8.878535591E-4	1.078657107E-3	1.325095538E-3	1.299363910E-3	1.152114361E-3	1.215457334E-3	1.256664516E-3	9.789350443E-4	7.199014653E-4	6.764635909E-4	5.482732668E-4	4.807421356E-4	7.103027892E-4	8.478526725E-4	7.522162632E-4	7.812547847E-4	1.096572843E-3	1.446875278E-3	1.455746358E-3	1.144777285E-3	8.356322069E-4	4.762930912E-4
1.087308745E-3	1.008265186E-3	8.557832916E-4	9.132351843E-4	1.296134666E-3	1.510814414E-3	1.498927246E-3	1.598445815E-3	1.533565926E-3	1.216694480E-3	9.472020902E-4	7.511135191E-4	6.517639849E-4	7.282323204E-4	9.076601709E-4	1.061567105E-3	1.102780458E-3	1.103325514E-3	1.171857235E-3	1.109749661E-3	9.296797216E-4	1.027635997E-3	1.187469927E-3	9.621306090E-4	7.130333106E-4	7.639301475E-4	7.956700283E-4	7.587442524E-4	7.874855073E-4	7.642101264E-4	7.504881942E-4	8.068166790E-4	1.019588904E-3	1.400082605E-3	1.512660412E-3	1.306674094E-3	1.134042745E-3	8.371924632E-4
1.183798537E-3	1.134668477E-3	1.035189722E-3	1.071525854E-3	1.457595732E-3	1.725982060E-3	1.565233455E-3	1.416420564E-3	1.331591862E-3	1.102716313E-3	8.298516041E-4	6.337804371E-4	6.144575309E-4	7.653000066E-4	9.955319110E-4	1.254319097E-3	1.336999238E-3	1.207825611E-3	1.190407667E-3	1.167369890E-3	9.529956733E-4	9.794825455E-4	1.158673083E-3	9.591713315E-4	6.960183964E-4	7.786770584E-4	9.476538980E-4	1.022597426E-3	9.680678486E-4	8.209823282E-4	8.390120929E-4	9.192293510E-4	1.032619621E-3	1.328100916E-3	1.416355488E-3	1.227684086E-3	1.120323199E-3	9.226980619E-4
1.346239122E-3	1.373944106E-3	1.238333411E-3	1.159786014E-3	1.418677741E-3	1.583089354E-3	1.281960984E-3	1.047878526E-3	1.102072420E-3	1.099749119E-3	9.279128280E-4	7.564414409E-4	7.975957124E-4	9.774595965E-4	1.141649787E-3	1.326707890E-3	1.394033316E-3	1.300295466E-3	1.347347279E-3	1.368879690E-3	1.074914238E-3	9.263797547E-4	1.018497976E-3	8.633651887E-4	6.673988537E-4	7.569420850E-4	9.272220195E-4	1.084596966E-3	1.152013661E-3	1.099089277E-3	1.138936263E-3	1.183991553E-3	1.270832377E-3	1.517382567E-3	1.496133627E-3	1.174200559E-3	9.652843000E-4	7.980391383E-4
1.578591764E-3	1.581427990E-3	1.315626083E-3	1.102740061E-3	1.226562425E-3	1.304346253E-3	1.013554749E-3	8.354950114E-4	9.420510032E-4	9.931643726E-4	9.109525708E-4	8.322744980E-4	9.018479032E-4	1.058996422E-3	1.197668607E-3	1.349609811E-3	1.398875145E-3	1.341100782E-3	1.424603746E-3	1.481410698E-3	1.191180083E-3	9.377609240E-4	9.588763933E-4	8.991146460E-4	8.243111079E-4	8.694350254E-4	8.656788850E-4	9.356909432E-4	1.101243892E-3	1.209641690E-3	1.281718723E-3	1.253041555E-3	1.322215074E-3	1.574823982E-3	1.531695714E-3	1.183288754E-3	9.253754397E-4	7.930187858E-4
NaN	NaN	NaN	NaN	1.082742470E-3	1.183404471E-3	9.741570684E-4	8.209948428E-4	9.186187526E-4	9.636493633E-4	9.005195461E-4	8.013078477E-4	7.799828891E-4	9.390833438E-4	1.201327890E-3	1.413459075E-3	1.410241472E-3	1.258253353E-3	1.287042862E-3	1.446731272E-3	1.335342182E-3	1.132820966E-3	1.146212686E-3	1.151089091E-3	1.105766394E-3	1.020470285E-3	7.820450119E-4	6.845280295E-4	8.476990042E-4	1.042420976E-3	1.146028517E-3	1.069526770E-3	1.071923412E-3	1.266879844E-3	1.275715651E-3	1.118655549E-3	1.013910398E-3	9.702327661E-4
NaN	NaN	NaN	NaN	NaN	1.110433834E-3	8.715911536E-4	7.453325088E-4	1.004048856E-3	1.200589119E-3	1.129692188E-3	9.117164300E-4	7.875015726E-4	9.848212358E-4	1.291321474E-3	1.386878081E-3	1.226316788E-3	9.687207057E-4	9.828117909E-4	1.282467507E-3	1.369592850E-3	1.286481740E-3	1.341177267E-3	1.343747950E-3	1.235260279E-3	1.054709661E-3	7.326517371E-4	5.557080731E-4	6.734731724E-4	8.814532193E-4	1.020986470E-3	9.574824944E-4	8.640118758E-4	8.742676582E-4	8.535289089E-4	9.095579153E-4	1.011044951E-3	1.014400506E-3
NaN	NaN	NaN	NaN	NaN	NaN	7.839373429E-4	7.690206985E-4	1.178898732E-3	1.447854796E-3	1.363061601E-3	1.159597421E-3	1.053435612E-3	1.223021536E-3	1.384755597E-3	1.240777667E-3	9.482185123E-4	6.767186569E-4	6.866400945E-4	9.891823865E-4	1.123585738E-3	1.159205218E-3	1.354558743E-3	1.438622363E-3	1.327647013E-3	1.152450917E-3	9.145251825E-4	7.570421440E-4	7.556014461E-4	8.336722385E-4	9.216730250E-4	8.836522466E-4	7.736594416E-4	6.470853114E-4	5.275666481E-4	6.509431405E-4	8.540273993E-4	8.424083935E-4
NaN	NaN	NaN	NaN	NaN	NaN	NaN	1.057758695E-3	1.346907695E-3	1.434884849E-3	1.335200039E-3	1.284691854E-3	1.243126229E-3	1.314359717E-3	1.340908115E-3	1.107918913E-3	8.335890598E-4	6.045766058E-4	5.383691750E-4	6.970316754E-4	7.840391481E-4	9.277214995E-4	1.296422677E-3	1.499148202E-3	1.400179113E-3	1.244105166E-3	1.161432592E-3	1.123046852E-3	1.020435477E-3	8.920410182E-4	8.340200875E-4	7.850745460E-4	7.645714213E-4	6.972640986E-4	5.466499133E-4	6.373720244E-4	8.547574980E-4	8.232922410E-4
NaN	NaN	NaN	NaN	NaN	NaN	NaN	NaN	1.264972263E-3	1.087741344E-3	9.927580832E-4	1.111456426E-3	1.169763505E-3	1.241953811E-3	1.288844855E-3	1.116877422E-3	9.399050032E-4	8.046301082E-4	6.995229051E-4	7.033313741E-4	6.836400134E-4	8.192562382E-4	1.209038659E-3	1.393351704E-3	1.232229988E-3	1.070093247E-3	1.122722519E-3	1.252642600E-3	1.194278942E-3	1.006452367E-3	9.042149759E-4	8.787663537E-4	9.341336554E-4	9.565709042E-4	8.234232082E-4	8.671724936E-4	1.070375904E-3	1.032305765E-3
NaN	NaN	NaN	NaN	NaN	NaN	NaN	NaN	NaN	7.722545415E-4	7.164559211E-4	9.693660541E-4	1.136414241E-3	1.255583949E-3	1.360443071E-3	1.251698122E-3	1.110656303E-3	1.058591763E-3	1.034095301E-3	1.013681525E-3	8.884267299E-4	8.623442845E-4	1.099762972E-3	1.231667586E-3	1.065755147E-3	8.621793240E-4	8.891219622E-4	1.087406999E-3	1.152507262E-3	1.058327267E-3	1.044028904E-3	1.110047335E-3	1.178812934E-3	1.194594894E-3	1.090141013E-3	1.144333277E-3	1.362681971E-3	1.326903584E-3
NaN	NaN	NaN	NaN	NaN	NaN	NaN	NaN	NaN	NaN	8.434459451E-4	1.117863227E-3	1.253951574E-3	1.279340009E-3	1.374011626E-3	1.344361459E-3	1.208105590E-3	1.133424230E-3	1.151262783E-3	1.252724905E-3	1.234049327E-3	1.086128177E-3	1.082724077E-3	1.185426256E-3	1.120704925E-3	8.842314710E-4	7.861474296E-4	9.269602015E-4	1.052981592E-3	1.063436619E-3	1.134095946E-3	1.247245818E-3	1.257020398E-3	1.223228639E-3	1.197991427E-3	1.321106683E-3	1.555887167E-3	1.500131795E-3
NaN	NaN	NaN	NaN	NaN	NaN	NaN	NaN	NaN	NaN	NaN	NaN	NaN	NaN	1.259982469E-3	1.366453129E-3	1.344707445E-3	1.229512622E-3	1.102747628E-3	1.232619747E-3	1.440204680E-3	1.309577725E-3	1.083857031E-3	1.115375315E-3	1.150301658E-3	9.679235518E-4	8.453044575E-4	9.022269514E-4	9.893050883E-4	1.065385994E-3	1.187989605E-3	1.278861426E-3	1.189568546E-3	1.087145065E-3	1.090659294E-3	1.181517495E-3	1.348821563E-3	1.310084714E-3
NaN	NaN	NaN	NaN	NaN	NaN	NaN	NaN	NaN	NaN	NaN	NaN	NaN	NaN	NaN	NaN	1.510066795E-3	1.439052285E-3	1.137759537E-3	1.136399806E-3	1.412272803E-3	1.316248556E-3	9.928938234E-4	9.695419576E-4	1.024250407E-3	8.627097704E-4	7.535672048E-4	7.921250071E-4	8.882252732E-4	1.035245601E-3	1.184577821E-3	1.268200576E-3	1.184006105E-3	1.059313538E-3	9.789325995E-4	9.246821282E-4	1.035892288E-3	1.122696791E-3
NaN	NaN	NaN	NaN	NaN	NaN	NaN	NaN	NaN	NaN	NaN	NaN	NaN	NaN	NaN	NaN	NaN	NaN	1.164865680E-3	1.119660796E-3	1.336965128E-3	1.234437339E-3	9.219771018E-4	8.710554102E-4	8.499508840E-4	5.780457286E-4	4.164271231E-4	5.339046475E-4	7.724898169E-4	1.003137324E-3	1.123068621E-3	1.168828108E-3	1.170659089E-3	1.165744616E-3	1.088932739E-3	9.776931256E-4	1.095272251E-3	1.224427833E-3
1.184877008E-3	NaN	NaN	NaN	NaN	NaN	NaN	NaN	NaN	NaN	NaN	NaN	NaN	NaN	NaN	NaN	NaN	NaN	NaN	1.118161832E-3	1.254515257E-3	1.154365600E-3	9.211745928E-4	8.455193019E-4	7.388471859E-4	4.030435812E-4	2.212189429E-4	3.932602995E-4	6.852537044E-4	9.145130171E-4	9.813377401E-4	9.217103943E-4	9.353155619E-4	1.133948565E-3	1.261285157E-3	1.231603324E-3	1.302256947E-3	1.281221746E-3
9.893821552E-4	NaN	NaN	NaN	NaN	NaN	NaN	NaN	NaN	NaN	NaN	NaN	NaN	NaN	NaN	NaN	NaN	NaN	NaN	1.134023420E-3	1.101042959E-3	9.746552678E-4	8.785557584E-4	8.482277044E-4	7.398356684E-4	5.060471012E-4	4.043932422E-4	5.194405094E-4	6.663153763E-4	8.167328779E-4	9.018027922E-4	7.767708157E-4	6.886324263E-4	9.502338362E-4	1.274456270E-3	1.371163060E-3	1.369766542E-3	1.209567534E-3
1.051432919E-3	1.495876000E-3	NaN	NaN	NaN	NaN	NaN	NaN	NaN	NaN	NaN	NaN	NaN	NaN	NaN	NaN	NaN	NaN	NaN	NaN	1.048122533E-3	8.499054820E-4	8.633143152E-4	9.084147750E-4	8.245025529E-4	7.415373111E-4	7.802131586E-4	8.571881335E-4	8.622396854E-4	9.381128475E-4	1.082796254E-3	9.784983704E-4	7.441561320E-4	8.446566644E-4	1.201074454E-3	1.425277791E-3	1.412574900E-3	1.194756362E-3
1.150841126E-3	1.588649116E-3	1.844348270E-3	NaN	NaN	NaN	NaN	NaN	NaN	NaN	NaN	NaN	NaN	NaN	NaN	NaN	NaN	NaN	NaN	NaN	NaN	1.090358361E-3	1.058624941E-3	1.000535325E-3	8.847315330E-4	9.478162392E-4	1.130050980E-3	1.216076082E-3	1.132627367E-3	1.102216542E-3	1.257305034E-3	1.240502228E-3	9.422738804E-4	8.430232410E-4	1.119868946E-3	1.410946948E-3	1.447191695E-3	1.247121720E-3
1.055233297E-3	1.434792415E-3	1.773346332E-3	1.628770609E-3	9.762952686E-4	5.289551918E-4	6.757478695E-4	9.291341412E-4	NaN	NaN	NaN	NaN	NaN	NaN	NaN	NaN	NaN	NaN	NaN	NaN	NaN	NaN	1.380336005E-3	1.039160648E-3	8.784097736E-4	1.093141036E-3	1.324841054E-3	1.318299444E-3	1.125683193E-3	1.037031412E-3	1.241901424E-3	1.331864158E-3	1.025878242E-3	8.056853549E-4	9.780697292E-4	1.232729293E-3	1.347398385E-3	1.285944600E-3
9.867369663E-4	1.257934840E-3	1.660465263E-3	1.678588218E-3	1.092765247E-3	5.653940025E-4	5.756840110E-4	6.909088697E-4	8.294168510E-4	NaN	NaN	NaN	NaN	NaN	NaN	NaN	NaN	NaN	NaN	NaN	NaN	NaN	1.563361147E-3	1.064543263E-3	9.298518999E-4	1.230221475E-3	1.399147441E-3	1.225757878E-3	9.439238347E-4	9.334968054E-4	1.261802390E-3	1.361148781E-3	9.786466835E-4	7.223173161E-4	8.864896954E-4	1.097060274E-3	1.229513669E-3	1.265527448E-3
1.130576362E-3	1.230764086E-3	1.464857138E-3	1.559771365E-3	1.225419692E-3	7.493048906E-4	6.187777617E-4	6.620120839E-4	7.387819351E-4	1.117947395E-3	NaN	NaN	NaN	NaN	NaN	NaN	NaN	NaN	NaN	NaN	NaN	NaN	NaN	1.117430744E-3	1.070737839E-3	1.382728806E-3	1.526809763E-3	1.321355696E-3	1.025330508E-3	1.039289054E-3	1.342492527E-3	1.350288047E-3	9.595266310E-4	7.936977781E-4	1.013607136E-3	1.177625381E-3	1.217817538E-3	1.212679432E-3
1.297082170E-3	1.249211375E-3	1.246378757E-3	1.313816174E-3	1.190978917E-3	8.076782688E-4	6.356631056E-4	7.687358884E-4	8.869888261E-4	1.115248771E-3	NaN	NaN	NaN	NaN	NaN	NaN	NaN	NaN	NaN	NaN	NaN	NaN	NaN	NaN	1.195051358E-3	1.414252678E-3	1.544418628E-3	1.459251042E-3	1.276382944E-3	1.209455426E-3	1.295788796E-3	1.251357375E-3	1.059496659E-3	1.024911529E-3	1.165689086E-3	1.231775503E-3	1.229678164E-3	1.224448904E-3
1.236580079E-3	1.127351774E-3	1.031629974E-3	1.089823665E-3	1.070002327E-3	7.666761521E-4	6.300096866E-4	8.825541590E-4	1.104369294E-3	1.246465370E-3	NaN	NaN	NaN	NaN	NaN	NaN	NaN	NaN	NaN	NaN	NaN	NaN	NaN	NaN	1.243700855E-3	1.230752678E-3	1.195784891E-3	1.201324980E-3	1.233867020E-3	1.170782489E-3	1.082682167E-3	1.066999626E-3	1.131124329E-3	1.173105324E-3	1.137571409E-3	1.132167410E-3	1.244743471E-3	1.331667067E-3
1.014187234E-3	9.165391093E-4	8.157914272E-4	9.112908156E-4	1.014919952E-3	8.446742431E-4	7.351394161E-4	9.633654263E-4	1.197891426E-3	1.270406996E-3	1.288393512E-3	NaN	NaN	NaN	NaN	NaN	NaN	NaN	NaN	NaN	NaN	NaN	NaN	NaN	1.262303093E-3	1.060268260E-3	8.572196821E-4	8.993331576E-4	1.109975157E-3	1.111010672E-3	9.132547420E-4	8.703950443E-4	1.112608006E-3	1.317263814E-3	1.242806553E-3	1.164443325E-3	1.324259327E-3	1.447564457E-3
9.330694447E-4	8.010504534E-4	6.429614732E-4	7.772987010E-4	1.074049040E-3	1.115063671E-3	1.023015939E-3	1.099018031E-3	1.206663554E-3	1.148044365E-3	NaN	NaN	NaN	NaN	NaN	NaN	NaN	NaN	NaN	NaN	NaN	NaN	NaN	NaN	1.366343466E-3	1.134149032E-3	8.926033042E-4	9.363446734E-4	1.215752913E-3	1.265188796E-3	9.818442632E-4	8.163196035E-4	1.094998559E-3	1.493495307E-3	1.508925925E-3	1.324896119E-3	1.383024035E-3	1.513200812E-3
1.008338179E-3	8.318129694E-4	6.285483250E-4	7.938134368E-4	1.243411680E-3	1.489914721E-3	1.434037345E-3	1.302069286E-3	1.189223723E-3	1.053906046E-3	NaN	NaN	NaN	NaN	NaN	NaN	NaN	NaN	NaN	NaN	NaN	NaN	NaN	NaN	1.557454001E-3	1.340205199E-3	1.040355884E-3	9.904647013E-4	1.271298039E-3	1.413703198E-3	1.208596746E-3	1.023918623E-3	1.183551154E-3	1.490441849E-3	1.501688850E-3	1.320183510E-3	1.353566186E-3	1.515846816E-3
9.941755561E-4	9.216972394E-4	8.059358806E-4	9.884870378E-4	1.438199426E-3	1.770814182E-3	1.760768821E-3	1.466928865E-3	1.146552851E-3	NaN	NaN	NaN	NaN	NaN	NaN	NaN	NaN	NaN	NaN	NaN	NaN	NaN	NaN	NaN	1.682421425E-3	1.452337718E-3	1.071866252E-3	9.415706154E-4	1.207816065E-3	1.402734313E-3	1.337490161E-3	1.269880333E-3	1.314165769E-3	1.352823107E-3	NaN	NaN	NaN	NaN
8.748472901E-4	9.330962203E-4	9.420213755E-4	1.113361795E-3	1.452879282E-3	1.752821263E-3	1.837149146E-3	1.616523019E-3	NaN	NaN	NaN	NaN	NaN	NaN	NaN	NaN	NaN	NaN	NaN	NaN	NaN	NaN	NaN	1.668265206E-3	1.652888488E-3	1.413925784E-3	1.025462057E-3	9.035479743E-4	1.157345017E-3	1.314651803E-3	1.246100175E-3	1.211823197E-3	1.242907718E-3	NaN	NaN	NaN	NaN	NaN
7.137657958E-4	8.231553948E-4	9.005853790E-4	1.054041320E-3	1.302877092E-3	1.551595866E-3	1.764354645E-3	NaN	NaN	NaN	NaN	NaN	NaN	NaN	NaN	NaN	NaN	NaN	NaN	1.416046405E-3	1.345716650E-3	1.268341322E-3	1.311789267E-3	1.461710897E-3	1.479682629E-3	1.274365350E-3	9.485507617E-4	8.598005516E-4	1.120709698E-3	1.292887609E-3	1.177660422E-3	1.057361136E-3	NaN	NaN	NaN	NaN	NaN	NaN
5.408427678E-4	6.615683087E-4	7.714399835E-4	9.359305841E-4	1.154954196E-3	1.359030372E-3	1.615718473E-3	NaN	NaN	NaN	NaN	NaN	NaN	NaN	NaN	NaN	NaN	1.309594722E-3	1.476642559E-3	1.561974292E-3	1.472135307E-3	1.257883501E-3	1.154940226E-3	1.217038487E-3	1.183140790E-3	1.018424635E-3	8.537814138E-4	8.543030126E-4	1.128647011E-3	1.376223518E-3	1.302560326E-3	NaN	NaN	NaN	NaN	NaN	NaN	NaN
5.052531487E-4	6.143595674E-4	7.706522010E-4	1.003577840E-3	1.194276148E-3	1.268939930E-3	1.411743229E-3	NaN	NaN	NaN	NaN	NaN	NaN	NaN	NaN	NaN	1.117710955E-3	9.721704409E-4	1.195009449E-3	1.331532840E-3	1.253639348E-3	1.144199632E-3	1.130694873E-3	1.122609247E-3	9.273377364E-4	7.554978365E-4	7.960691000E-4	9.237802587E-4	1.171350479E-3	1.435117098E-3	1.420013490E-3	NaN	NaN	NaN	NaN	NaN	NaN	NaN
5.424958072E-4	7.389909588E-4	1.013386529E-3	1.336796326E-3	1.447385061E-3	1.283948543E-3	1.201452687E-3	1.230580849E-3	1.088569639E-3	NaN	NaN	NaN	NaN	NaN	NaN	1.266255043E-3	7.258082624E-4	5.385637050E-4	7.650259649E-4	9.129369282E-4	9.005598840E-4	9.892085800E-4	1.167706330E-3	1.169053721E-3	8.768094121E-4	7.177494699E-4	9.101550095E-4	1.133815502E-3	1.327071921E-3	1.487914822E-3	1.426561153E-3	1.341867261E-3	NaN	NaN	NaN	NaN	NaN	NaN
4.897344625E-4	9.154569125E-4	1.341487980E-3	1.672664890E-3	1.663173432E-3	1.327721053E-3	1.091555576E-3	1.102936920E-3	1.155191800E-3	1.180214225E-3	NaN	NaN	NaN	NaN	1.496904180E-3	1.087042037E-3	4.699591955E-4	2.012271289E-4	4.089132999E-4	6.409742637E-4	7.307367632E-4	8.867428987E-4	1.138075371E-3	1.214610529E-3	9.664515383E-4	8.374698809E-4	1.080876566E-3	1.351563609E-3	1.507224864E-3	1.535159769E-3	1.396846492E-3	1.362991869E-3	1.606757869E-3	NaN	NaN	NaN	NaN	NaN
4.680391576E-4	1.017674222E-3	1.497318852E-3	1.747521106E-3	1.667391625E-3	1.406145282E-3	1.233903342E-3	1.201711595E-3	1.251405920E-3	1.303835306E-3	1.290942193E-3	1.273810165E-3	NaN	1.457948238E-3	1.446187147E-3	1.067071687E-3	4.438109754E-4	1.108213837E-4	2.990080102E-4	6.285201525E-4	8.162122103E-4	9.565601940E-4	1.183903543E-3	1.343101962E-3	1.166353235E-3	9.688714636E-4	1.082094619E-3	1.252488233E-3	1.348314923E-3	1.363785937E-3	1.272756956E-3	1.294913818E-3	1.463720109E-3	1.560757752E-3	1.533924253E-3	NaN	NaN	NaN
5.784787354E-4	9.448449127E-4	1.287343213E-3	1.450959942E-3	1.413389575E-3	1.369130099E-3	1.354015199E-3	1.236040844E-3	1.138007501E-3	1.207242953E-3	1.325958641E-3	1.383461291E-3	1.403777977E-3	1.412266749E-3	1.344593009E-3	1.047416707E-3	6.120826583E-4	4.317579733E-4	6.024054601E-4	8.344809758E-4	1.003349782E-3	1.145673217E-3	1.338908565E-3	1.553215669E-3	1.487742178E-3	1.232013688E-3	1.098306500E-3	9.840234416E-4	9.029469220E-4	9.440187714E-4	9.819832630E-4	1.050279941E-3	1.154923812E-3	1.213807613E-3	1.297072042E-3	1.340198680E-3	1.315790229E-3	NaN
8.000638336E-4	8.532466600E-4	9.329413879E-4	9.896240663E-4	1.031773980E-3	1.141383196E-3	1.221938175E-3	1.101763686E-3	9.347224841E-4	9.756402578E-4	1.164414803E-3	1.279695309E-3	1.299702097E-3	1.338876667E-3	1.339123934E-3	1.155166188E-3	9.821662679E-4	1.077865600E-3	1.212672447E-3	1.170879928E-3	1.172934310E-3	1.292080851E-3	1.441289322E-3	1.649375656E-3	1.725778682E-3	1.543049933E-3	1.225153450E-3	8.094304358E-4	4.856793676E-4	4.484790552E-4	5.805981345E-4	7.728119381E-4	9.196307510E-4	9.748096927E-4	1.120724715E-3	1.342260395E-3	1.477087964E-3	NaN
1.017670613E-3	9.361808770E-4	8.227455546E-4	7.151199970E-4	7.707445766E-4	9.784110589E-4	1.159605687E-3	1.167794573E-3	1.030845800E-3	9.043617174E-4	9.235443431E-4	1.034056069E-3	1.159108011E-3	NaN	NaN	NaN	NaN	NaN	NaN	NaN	1.339773182E-3	1.400010544E-3	1.493248390E-3	1.582183060E-3	1.642878517E-3	1.547386637E-3	1.197137288E-3	6.529967068E-4	1.955620683E-4	4.306963456E-5	1.669981430E-4	4.833551066E-4	7.637942908E-4	8.543503354E-4	1.010255190E-3	1.332318061E-3	1.551301801E-3	1.514270320E-3
9.954829002E-4	9.700566297E-4	8.619403816E-4	6.640594802E-4	6.665051915E-4	8.987337351E-4	1.168536837E-3	1.334473840E-3	1.271395595E-3	1.011012704E-3	8.826385601E-4	1.007865299E-3	1.193083706E-3	NaN	NaN	NaN	NaN	NaN	NaN	NaN	NaN	NaN	1.487541595E-3	1.423917594E-3	1.323399949E-3	1.256415853E-3	1.007501851E-3	5.326999235E-4	1.055076427E-4	NaN	NaN	2.359979117E-4	5.917261587E-4	7.728746277E-4	9.410990169E-4	1.247371547E-3	1.477280632E-3	1.496912446E-3
8.522998542E-4	8.278929163E-4	8.025951684E-4	6.695340853E-4	6.222587544E-4	7.352159591E-4	9.559296304E-4	1.210508402E-3	1.256078715E-3	1.071469858E-3	1.038112910E-3	1.194355544E-3	1.271052170E-3	NaN	NaN	NaN	NaN	NaN	NaN	NaN	NaN	NaN	NaN	1.248427434E-3	1.064060954E-3	9.943001205E-4	8.395555196E-4	4.831022525E-4	1.832948910E-4	6.739293894E-5	5.229862290E-5	2.166189224E-4	5.352486041E-4	7.519444334E-4	8.829822182E-4	1.084911986E-3	1.283353893E-3	1.441042055E-3
7.823829656E-4	6.944071501E-4	7.304485771E-4	7.134794723E-4	6.760793040E-4	6.800612318E-4	7.953133318E-4	1.002054079E-3	1.040322939E-3	9.781982517E-4	1.152195153E-3	1.341633964E-3	1.281359931E-3	NaN	NaN	NaN	NaN	NaN	NaN	NaN	NaN	NaN	NaN	1.156327198E-3	9.939973243E-4	9.320836398E-4	7.936948095E-4	4.744939215E-4	3.129322140E-4	3.429728094E-4	3.305869759E-4	4.044917296E-4	6.653095479E-4	8.401219966E-4	8.499525720E-4	9.166437667E-4	1.065714750E-3	1.280039316E-3
7.138273213E-4	6.899852306E-4	8.776953910E-4	9.814614896E-4	9.664386162E-4	9.255092591E-4	9.597062599E-4	1.026100246E-3	9.202784859E-4	8.314945153E-4	1.063265838E-3	1.277334988E-3	1.241762657E-3	NaN	NaN	NaN	NaN	NaN	NaN	NaN	NaN	NaN	NaN	NaN	1.071806881E-3	1.062526368E-3	9.536199505E-4	6.360443658E-4	5.526149762E-4	7.002678467E-4	7.300844882E-4	7.647261373E-4	9.581620689E-4	1.042357297E-3	9.181665373E-4	9.029746871E-4	1.028724480E-3	1.155943261E-3
7.617631927E-4	8.229802479E-4	1.184426947E-3	1.412523445E-3	1.397779444E-3	1.258283039E-3	1.169072930E-3	1.152514713E-3	1.017473172E-3	8.603210445E-4	9.462012677E-4	1.070580445E-3	1.085817697E-3	NaN	NaN	NaN	NaN	NaN	NaN	NaN	NaN	NaN	NaN	NaN	1.267490326E-3	1.288080239E-3	1.233218936E-3	1.002654550E-3	9.532289696E-4	1.119840425E-3	1.213223790E-3	1.232899842E-3	1.290404238E-3	1.252305461E-3	1.073261374E-3	1.052795560E-3	1.170721254E-3	1.201455132E-3
9.471177473E-4	9.570296970E-4	1.331997919E-3	1.625503530E-3	1.668207813E-3	1.473352313E-3	1.260543126E-3	1.228074194E-3	1.188371098E-3	1.054838882E-3	1.032233587E-3	1.037509413E-3	9.874787647E-4	NaN	NaN	NaN	NaN	NaN	NaN	NaN	NaN	NaN	NaN	NaN	1.405040151E-3	1.340198331E-3	1.302505611E-3	1.296374016E-3	1.358217211E-3	1.502408297E-3	1.582053257E-3	1.492261305E-3	1.384189352E-3	1.329340856E-3	1.242692349E-3	1.207547379E-3	1.203713939E-3	1.192400581E-3
1.023382996E-3	1.004368998E-3	1.295815571E-3	1.539743622E-3	1.656588749E-3	1.540851546E-3	1.314112567E-3	1.249484252E-3	1.210249262E-3	1.111824298E-3	1.135749626E-3	1.163411536E-3	1.086129341E-3	NaN	NaN	NaN	NaN	NaN	NaN	NaN	NaN	NaN	NaN	NaN	NaN	1.064184005E-3	1.021562028E-3	1.293434761E-3	1.574662747E-3	1.733265584E-3	1.669501187E-3	1.341189374E-3	1.121942070E-3	1.207499648E-3	1.332096756E-3	1.285141800E-3	1.087944605E-3	1.028466504E-3
9.744634153E-4	1.052621286E-3	1.281884615E-3	1.411851030E-3	1.523742802E-3	1.511018956E-3	1.353231724E-3	1.239915146E-3	1.127816620E-3	1.066073310E-3	1.172073884E-3	1.253838069E-3	1.231933013E-3	NaN	NaN	NaN	NaN	NaN	NaN	NaN	NaN	NaN	NaN	NaN	NaN	8.860802627E-4	8.174026734E-4	1.163305831E-3	1.534318435E-3	1.688257442E-3	1.498428290E-3	1.031062333E-3	7.852798444E-4	9.632723522E-4	1.235993812E-3	1.234321040E-3	9.674670291E-4	8.828197024E-4
9.680451476E-4	1.099245274E-3	1.273568021E-3	NaN	NaN	NaN	NaN	1.233747229E-3	1.054808265E-3	1.121430891E-3	1.324211713E-3	1.373223844E-3	1.335377572E-3	NaN	NaN	NaN	NaN	NaN	NaN	NaN	NaN	NaN	NaN	NaN	NaN	NaN	1.042602351E-3	1.112551778E-3	1.283537247E-3	1.390681136E-3	1.242004102E-3	8.583958261E-4	6.414147210E-4	7.893552538E-4	1.083959825E-3	1.126384945E-3	8.911249461E-4	8.170557558E-4
9.731325554E-4	1.057110378E-3	1.183561049E-3	NaN	NaN	NaN	NaN	1.255465555E-3	9.376023663E-4	1.091810409E-3	1.388025819E-3	1.415112289E-3	1.321179094E-3	NaN	NaN	NaN	NaN	NaN	NaN	NaN	NaN	NaN	NaN	NaN	NaN	NaN	1.372703467E-3	1.080002636E-3	9.977601003E-4	1.116732135E-3	1.115416992E-3	8.493795176E-4	6.612133584E-4	8.184018661E-4	1.131100231E-3	1.176020713E-3	9.646767285E-4	8.953104843E-4
9.388399776E-4	9.917803109E-4	1.099256100E-3	NaN	NaN	NaN	NaN	1.309560961E-3	8.664818015E-4	9.178186883E-4	1.172717661E-3	1.265457366E-3	1.258298056E-3	NaN	NaN	NaN	NaN	NaN	NaN	NaN	NaN	NaN	NaN	NaN	NaN	NaN	1.417785301E-3	9.538534796E-4	7.711741491E-4	9.874710813E-4	1.181529718E-3	1.000517863E-3	8.036950603E-4	9.776467923E-4	1.267596730E-3	1.271137269E-3	1.086691860E-3	1.025426667E-3
9.824337903E-4	9.886301123E-4	1.060121576E-3	1.311239088E-3	NaN	NaN	1.681144349E-3	1.338925213E-3	9.645745740E-4	8.557071560E-4	9.158346802E-4	1.039997092E-3	1.206543879E-3	NaN	NaN	NaN	NaN	NaN	NaN	NaN	NaN	NaN	NaN	NaN	NaN	NaN	NaN	8.046047296E-4	5.783951492E-4	8.746620151E-4	1.287731342E-3	1.256035524E-3	1.040175906E-3	1.105928677E-3	1.234606607E-3	1.146693830E-3	9.852425428E-4	9.238210623E-4
1.077477820E-3	9.885383770E-4	9.824951412E-4	1.188964699E-3	1.415726147E-3	1.514923410E-3	1.499000005E-3	1.285565202E-3	1.020532451E-3	8.842498646E-4	8.527653408E-4	9.364396683E-4	NaN	NaN	NaN	NaN	NaN	NaN	NaN	NaN	NaN	NaN	NaN	NaN	NaN	NaN	NaN	7.874672301E-4	4.836493172E-4	7.582061226E-4	1.283336547E-3	1.422549249E-3	1.237766119E-3	1.145034796E-3	1.087478013E-3	9.429060156E-4	8.016545326E-4	7.085722755E-4
1.118999440E-3	1.011363463E-3	9.642060613E-4	1.097497996E-3	1.307847560E-3	1.416460378E-3	1.380520058E-3	1.114725252E-3	8.076434024E-4	7.971141604E-4	1.002307283E-3	1.171144191E-3	NaN	NaN	NaN	NaN	NaN	NaN	NaN	NaN	NaN	NaN	NaN	NaN	NaN	NaN	NaN	NaN	6.453649839E-4	8.325385279E-4	1.307921251E-3	1.474374440E-3	1.249404275E-3	9.970074752E-4	8.890762692E-4	8.504530997E-4	7.804415072E-4	6.541754119E-4
1.173548517E-3	1.140966080E-3	1.138885156E-3	1.222956809E-3	1.356450026E-3	1.396871172E-3	1.294889371E-3	9.799312102E-4	6.684995024E-4	7.974086329E-4	1.256718417E-3	NaN	NaN	NaN	NaN	NaN	NaN	NaN	NaN	NaN	NaN	NaN	NaN	NaN	NaN	NaN	NaN	NaN	9.840035345E-4	1.158552244E-3	1.538231852E-3	1.561664511E-3	1.165725640E-3	7.758361753E-4	7.083184901E-4	7.981581730E-4	7.697553956E-4	6.493428955E-4
NaN	1.251286245E-3	1.278499374E-3	1.330846921E-3	1.389319892E-3	1.358877169E-3	1.229932881E-3	1.045459998E-3	9.528618539E-4	1.147448900E-3	1.520004706E-3	NaN	NaN	NaN	NaN	NaN	NaN	NaN	NaN	NaN	NaN	NaN	NaN	NaN	NaN	NaN	NaN	NaN	NaN	1.439557178E-3	1.691282494E-3	1.575844479E-3	1.183992950E-3	8.716446464E-4	8.257577429E-4	8.393569733E-4	7.212318014E-4	6.286279531E-4
NaN	1.210162998E-3	1.170713338E-3	1.122653368E-3	1.130204881E-3	1.136608305E-3	1.070006168E-3	1.057045418E-3	1.201303210E-3	1.410516445E-3	1.558994176E-3	NaN	NaN	NaN	NaN	NaN	NaN	NaN	NaN	NaN	NaN	NaN	NaN	NaN	NaN	NaN	NaN	NaN	NaN	1.456877682E-3	1.517078024E-3	1.397660119E-3	1.260272344E-3	1.178665902E-3	1.140363631E-3	1.018236391E-3	7.915344904E-4	6.930085365E-4
1.251251088E-3	1.168720773E-3	1.057462068E-3	9.036851698E-4	8.617987041E-4	9.031809750E-4	8.580150898E-4	8.740675403E-4	1.070149592E-3	1.254345407E-3	1.301861485E-3	1.320202835E-3	NaN	NaN	NaN	NaN	NaN	NaN	NaN	NaN	NaN	NaN	NaN	NaN	NaN	NaN	NaN	NaN	NaN	1.228480716E-3	1.257630996E-3	1.309535932E-3	1.367554185E-3	1.312706969E-3	1.217946527E-3	1.074958709E-3	8.716246812E-4	8.215115522E-4
1.287260093E-3	1.205937355E-3	1.122306450E-3	9.660635842E-4	8.809934952E-4	8.660302265E-4	7.372050895E-4	6.974879652E-4	8.949276526E-4	1.065213699E-3	1.083810930E-3	1.093075029E-3	1.235450734E-3	NaN	NaN	NaN	NaN	NaN	NaN	NaN	NaN	NaN	NaN	NaN	NaN	NaN	NaN	NaN	NaN	1.021309174E-3	1.161607215E-3	1.397575834E-3	1.520057791E-3	1.382586313E-3	1.198903192E-3	1.031856402E-3	8.928363677E-4	9.937935974E-4
1.285097562E-3	1.210514805E-3	1.159612671E-3	1.025361475E-3	9.387174505E-4	9.324644343E-4	7.950323052E-4	7.367592771E-4	9.364490397E-4	1.077710534E-3	1.054325257E-3	1.030597370E-3	1.104428433E-3	1.260694233E-3	NaN	NaN	NaN	NaN	NaN	NaN	NaN	NaN	NaN	NaN	NaN	NaN	NaN	NaN	1.120589557E-3	1.096995897E-3	1.176428748E-3	1.369945239E-3	1.557778218E-3	1.570660621E-3	1.444893423E-3	1.203730702E-3	1.017517410E-3	1.172778429E-3
1.334574423E-3	1.269281493E-3	1.129521406E-3	9.519521263E-4	9.003377636E-4	9.835675592E-4	9.741985123E-4	9.765225113E-4	1.117913402E-3	1.182488981E-3	1.165806898E-3	1.125710667E-3	1.032418455E-3	1.062214957E-3	1.188872149E-3	1.258505159E-3	NaN	NaN	NaN	NaN	NaN	NaN	NaN	NaN	NaN	NaN	1.303993748E-3	1.340487157E-3	1.277284580E-3	1.181345317E-3	1.116526662E-3	1.180566964E-3	1.413131016E-3	1.612995868E-3	1.595730428E-3	1.360040274E-3	1.176278456E-3	1.303209690E-3
NaN	NaN	1.288364758E-3	1.077804831E-3	9.788069874E-4	9.259823710E-4	9.360327385E-4	1.054052380E-3	1.185816480E-3	1.248440123E-3	1.346091041E-3	1.352149295E-3	1.109133009E-3	1.002784818E-3	1.189569011E-3	1.315007801E-3	1.301724464E-3	1.250370522E-3	NaN	NaN	NaN	NaN	NaN	1.103139250E-3	1.168234157E-3	1.384836272E-3	1.502860105E-3	1.444260241E-3	1.260294695E-3	1.062145922E-3	9.405664168E-4	9.767727461E-4	1.178821549E-3	1.328138867E-3	1.280268421E-3	1.120212721E-3	1.086753211E-3	1.274918788E-3
NaN	NaN	NaN	1.448963070E-3	1.241865335E-3	8.769617416E-4	7.383807097E-4	9.104576893E-4	1.053331420E-3	1.151197241E-3	1.355543965E-3	1.452253666E-3	1.223467523E-3	1.033759792E-3	1.152298530E-3	1.265125116E-3	1.224712352E-3	1.197033213E-3	1.217999496E-3	1.365369884E-3	1.586069353E-3	1.557806041E-3	1.300194301E-3	1.095535583E-3	1.134023070E-3	1.366741606E-3	1.526847482E-3	1.506742788E-3	1.333486405E-3	1.090800390E-3	9.046911146E-4	8.999489946E-4	1.047701109E-3	1.108180033E-3	9.936285205E-4	8.170512738E-4	8.190824883E-4	1.068433281E-3
NaN	NaN	NaN	NaN	1.500152401E-3	9.893042734E-4	7.260953425E-4	8.504553698E-4	9.312827024E-4	9.870420909E-4	1.183894696E-3	1.340473071E-3	1.269945758E-3	1.135469531E-3	1.113316976E-3	1.112715574E-3	1.132718869E-3	1.253798255E-3	1.372163417E-3	1.447371789E-3	1.461721142E-3	1.355542103E-3	1.236544922E-3	1.141531160E-3	1.116622239E-3	1.251136418E-3	1.443524146E-3	1.575952512E-3	1.549633569E-3	1.364651253E-3	1.141784480E-3	1.040149131E-3	1.121403184E-3	1.228257781E-3	1.157923369E-3	8.730432601E-4	7.284806925E-4	9.314699564E-4
NaN	NaN	NaN	NaN	NaN	1.129825017E-3	9.041520534E-4	9.695346816E-4	9.429343627E-4	9.229221032E-4	1.075142762E-3	1.227087225E-3	1.277838717E-3	1.252223155E-3	1.110317651E-3	9.631266003E-4	1.089791302E-3	1.429233351E-3	1.628737547E-3	1.579827280E-3	1.368393539E-3	1.181146712E-3	1.175113255E-3	1.176696154E-3	1.111270860E-3	1.159631647E-3	1.364812837E-3	1.571865403E-3	1.568572596E-3	1.425040420E-3	1.316329464E-3	1.225861139E-3	1.228134963E-3	1.410829485E-3	1.448828029E-3	1.094475389E-3	8.402110543E-4	9.502339526E-4
NaN	NaN	NaN	NaN	NaN	NaN	1.276178868E-3	1.245515072E-3	1.024739468E-3	9.080083692E-4	1.008376479E-3	1.113405684E-3	1.209205948E-3	1.241130754E-3	1.024717349E-3	8.090109332E-4	9.795329534E-4	1.367926248E-3	1.592659974E-3	1.511572395E-3	1.192364143E-3	9.878149722E-4	1.080502989E-3	1.157353865E-3	1.091424609E-3	1.076819841E-3	1.218304154E-3	1.380128786E-3	1.310310792E-3	1.169816824E-3	1.237897668E-3	1.298442367E-3	1.293200650E-3	1.492508454E-3	1.581458608E-3	1.256306423E-3	1.043568947E-3	1.084467745E-3
NaN	NaN	NaN	NaN	NaN	NaN	1.620651572E-3	1.450607670E-3	1.126767718E-3	9.719678783E-4	9.719090885E-4	9.999015601E-4	1.125933719E-3	1.179576269E-3	9.852324147E-4	8.567023906E-4	9.411539650E-4	1.048073638E-3	1.174894627E-3	1.202287036E-3	9.545487119E-4	7.909298292E-4	9.293986368E-4	1.042027725E-3	1.022574492E-3	9.940892924E-4	1.008941210E-3	1.071686624E-3	1.061484218E-3	1.031560474E-3	1.175765414E-3	1.326555386E-3	1.392788952E-3	1.566181309E-3	1.608822495E-3	1.391907921E-3	1.314959372E-3	1.306575723E-3
NaN	NaN	NaN	NaN	NaN	NaN	1.513290335E-3	1.330988365E-3	1.219166559E-3	1.155521953E-3	1.095145592E-3	1.112949569E-3	1.248893677E-3	1.272386988E-3	1.136865583E-3	1.125587034E-3	1.069261692E-3	8.214060217E-4	8.096008678E-4	1.011541695E-3	1.004598686E-3	9.215446771E-4	9.375963709E-4	9.180776542E-4	9.207993280E-4	9.721963434E-4	9.390044725E-4	8.952312637E-4	9.492770187E-4	1.019430580E-3	1.081405091E-3	1.199758379E-3	1.412710641E-3	1.612170250E-3	1.547936932E-3	1.377998968E-3	1.389909303E-3	1.364424359E-3
NaN	NaN	NaN	NaN	NaN	NaN	1.186086447E-3	1.099055749E-3	1.211081049E-3	1.173630240E-3	1.123536960E-3	1.219216618E-3	1.314021298E-3	1.290715300E-3	1.208276371E-3	1.202156418E-3	1.063338597E-3	7.188132149E-4	6.394664524E-4	9.296963108E-4	1.202352694E-3	1.287102932E-3	1.173273544E-3	9.394742665E-4	8.444286068E-4	9.316026699E-4	9.755514329E-4	9.267848218E-4	9.100581519E-4	8.672394324E-4	7.607567823E-4	8.536039386E-4	1.255285693E-3	1.556056552E-3	1.410605037E-3	1.173880184E-3	1.180835185E-3	1.192224212E-3
NaN	NaN	NaN	NaN	NaN	NaN	1.090838807E-3	9.729394806E-4	1.020226977E-3	8.705861983E-4	8.196883718E-4	9.711410385E-4	1.023895922E-3	1.037265873E-3	1.065785647E-3	1.031800173E-3	8.943789871E-4	6.627102848E-4	5.685344804E-4	7.881618803E-4	1.155797509E-3	1.381617272E-3	1.302925753E-3	1.009931555E-3	7.786555216E-4	7.569940062E-4	8.551476640E-4	9.146387456E-4	8.858032525E-4	7.770133088E-4	6.497898139E-4	7.512131706E-4	1.148290350E-3	1.432346995E-3	1.295604045E-3	1.045891433E-3	1.021720818E-3	1.062503085E-3
NaN	NaN	NaN	NaN	NaN	NaN	1.188383088E-3	8.818638744E-4	7.599377423E-4	5.731483107E-4	5.228233058E-4	6.635946338E-4	7.169538294E-4	8.357487968E-4	1.025874051E-3	1.034096349E-3	9.207542171E-4	7.837334415E-4	7.016339223E-4	8.119038539E-4	1.039703260E-3	1.184944762E-3	1.165154274E-3	9.897929849E-4	7.690772763E-4	6.438512937E-4	6.572200800E-4	7.227159804E-4	7.792041870E-4	8.581425645E-4	9.418044356E-4	1.067696023E-3	1.256205491E-3	1.361611765E-3	1.287851832E-3	NaN	1.075302833E-3	1.091109589E-3
NaN	NaN	NaN	NaN	NaN	NaN	1.266987645E-3	8.230805979E-4	6.476051058E-4	5.897418596E-4	6.103281048E-4	7.062605000E-4	7.232743665E-4	8.839203510E-4	1.175931888E-3	1.245216350E-3	1.146987546E-3	1.052278792E-3	1.023476012E-3	1.083036303E-3	1.098767505E-3	1.027114806E-3	9.916593553E-4	9.719002410E-4	8.906498551E-4	7.687862962E-4	6.643483648E-4	6.246416015E-4	7.247518515E-4	9.791509947E-4	1.219556318E-3	1.366306678E-3	1.437498140E-3	1.422343426E-3	NaN	NaN	NaN	NaN
NaN	NaN	NaN	NaN	NaN	1.586324652E-3	1.328191720E-3	9.490210214E-4	8.299670299E-4	9.237091290E-4	1.058235881E-3	1.139685279E-3	1.040399889E-3	1.064769574E-3	1.297466690E-3	1.384480624E-3	1.315129455E-3	1.252739108E-3	1.271759858E-3	1.317315851E-3	1.208631089E-3	9.901169688E-4	9.111103136E-4	9.825028246E-4	1.022890327E-3	9.706831188E-4	8.892056649E-4	8.595590480E-4	9.751420002E-4	1.178568113E-3	1.293920563E-3	1.386388671E-3	1.516226679E-3	NaN	NaN	NaN	NaN	NaN
NaN	NaN	NaN	9.590357076E-4	1.173560740E-3	1.446601003E-3	1.475255471E-3	1.264730003E-3	1.222040155E-3	1.356084133E-3	1.526936074E-3	1.626467332E-3	1.419681008E-3	1.193850418E-3	1.240526908E-3	1.333789784E-3	1.343362266E-3	1.313816756E-3	1.339065144E-3	1.412924845E-3	1.353673986E-3	1.119609107E-3	9.332621703E-4	9.401846328E-4	1.011481974E-3	1.054657041E-3	1.103516552E-3	1.177904778E-3	1.313596847E-3	1.369517529E-3	1.220387057E-3	1.166320057E-3	1.378830406E-3	NaN	NaN	NaN	NaN	NaN
1.419254113E-3	1.279746415E-3	1.082546776E-3	9.927784558E-4	1.093260013E-3	1.376993605E-3	1.498471829E-3	1.386785763E-3	1.387529774E-3	1.503509236E-3	1.641588518E-3	1.755086239E-3	1.548669417E-3	1.158974948E-3	9.951806860E-4	1.058790600E-3	1.181861386E-3	1.214050571E-3	1.204793109E-3	1.320471056E-3	1.456747064E-3	1.337206340E-3	1.013528323E-3	8.405164117E-4	8.880606038E-4	1.003126265E-3	1.094896928E-3	1.175328740E-3	1.344281016E-3	1.401338261E-3	1.127832453E-3	9.183056536E-4	NaN	NaN	NaN	NaN	NaN	NaN
1.018709969E-3	1.041020500E-3	1.140106819E-3	1.162457163E-3	1.151783043E-3	1.235635253E-3	1.255786978E-3	1.176505117E-3	1.219738508E-3	1.369729172E-3	1.508704154E-3	1.623461139E-3	1.499931095E-3	1.107295277E-3	7.883777726E-4	7.623300189E-4	9.488747455E-4	1.011940534E-3	8.999478887E-4	9.832701180E-4	1.295631635E-3	1.375126536E-3	1.074394211E-3	8.445282583E-4	9.157588356E-4	1.045200159E-3	1.024092897E-3	9.714668267E-4	1.129759243E-3	1.289505744E-3	1.082782517E-3	8.203149773E-4	NaN	NaN	NaN	NaN	NaN	NaN
7.406077930E-4	8.870514575E-4	1.198000507E-3	1.321576885E-3	1.246195752E-3	1.124080853E-3	9.824100416E-4	9.141446208E-4	1.040129806E-3	1.275243238E-3	1.439586631E-3	1.534787007E-3	1.472845208E-3	1.146087889E-3	8.080570260E-4	7.545417175E-4	9.234084864E-4	9.304069681E-4	7.482404471E-4	8.057244704E-4	1.148276147E-3	1.343799522E-3	1.208132016E-3	1.075835084E-3	1.166491187E-3	1.234541531E-3	1.093731378E-3	9.557921439E-4	1.058303867E-3	1.237095566E-3	1.156634185E-3	9.437955450E-4	NaN	NaN	NaN	NaN	NaN	NaN
7.930207066E-4	9.184691589E-4	1.222365070E-3	1.372564817E-3	1.318791765E-3	1.120015397E-3	8.671148680E-4	7.910625427E-4	9.829783812E-4	1.282524318E-3	1.460655010E-3	1.518161269E-3	1.443921006E-3	1.163813868E-3	9.236826445E-4	9.339760290E-4	1.019574935E-3	9.396321257E-4	8.511458291E-4	1.003655023E-3	1.246920903E-3	1.344812685E-3	1.272125519E-3	1.196132624E-3	1.241772668E-3	1.241969294E-3	1.126361662E-3	1.106333802E-3	1.236241311E-3	1.389726298E-3	1.430670847E-3	1.313320827E-3	NaN	NaN	NaN	NaN	NaN	NaN
8.434981573E-4	8.696403238E-4	1.089745201E-3	1.245806692E-3	1.250589499E-3	1.105319709E-3	9.011572110E-4	8.378124912E-4	1.005684724E-3	1.330047729E-3	1.550637768E-3	1.566986786E-3	1.423021778E-3	1.154694357E-3	1.008485444E-3	1.065044082E-3	1.046627061E-3	9.026995976E-4	9.421531577E-4	1.155404141E-3	1.225414569E-3	1.134124352E-3	1.007435611E-3	9.415908135E-4	1.009041327E-3	1.057839952E-3	1.067738631E-3	1.199324848E-3	1.354602166E-3	1.459133113E-3	1.567949657E-3	1.576618175E-3	1.349510974E-3	NaN	NaN	NaN	NaN	NaN
8.577618282E-4	8.453460177E-4	9.607250686E-4	1.037647598E-3	1.022523851E-3	9.358654497E-4	8.564771852E-4	8.289547986E-4	9.328466258E-4	1.266152831E-3	1.551908907E-3	1.579709235E-3	1.431883662E-3	1.176017919E-3	1.053182292E-3	1.143527799E-3	1.110486803E-3	9.561434854E-4	1.027842518E-3	1.161728171E-3	1.058677328E-3	8.629126241E-4	7.020157645E-4	6.586891250E-4	8.166639018E-4	9.788764874E-4	1.085884287E-3	1.211347757E-3	1.249069115E-3	1.263415092E-3	1.369377482E-3	1.472150674E-3	1.397396438E-3	NaN	NaN	NaN	NaN	NaN
1.005629660E-3	1.014790032E-3	1.021659584E-3	9.207724943E-4	7.670921041E-4	6.535120774E-4	6.530418759E-4	6.957721198E-4	8.065018919E-4	1.105631003E-3	1.364448108E-3	1.468128059E-3	1.466258895E-3	1.251624199E-3	1.099275658E-3	1.243367908E-3	1.276658499E-3	1.136270002E-3	1.195874065E-3	1.249819761E-3	1.060154056E-3	8.382741362E-4	6.632974837E-4	6.338590174E-4	8.414360345E-4	1.052191015E-3	1.166360569E-3	1.163712237E-3	1.024619211E-3	9.994285647E-4	1.117030974E-3	1.226415043E-3	1.328349579E-3	1.244849758E-3	NaN	NaN	NaN	NaN
1.103829942E-3	1.104567782E-3	1.077004941E-3	8.721345221E-4	6.053806283E-4	4.529258586E-4	4.986237036E-4	6.333799101E-4	8.278716123E-4	1.099203364E-3	1.267149462E-3	1.397590502E-3	1.526630251E-3	NaN	NaN	1.426201663E-3	1.457389561E-3	1.247676439E-3	1.201751526E-3	1.177327242E-3	9.954192210E-4	8.308801334E-4	7.230701740E-4	7.665928570E-4	9.790750919E-4	1.137097133E-3	1.178472419E-3	1.030709827E-3	7.695912500E-4	7.756206323E-4	9.525059140E-4	1.039046096E-3	1.241720514E-3	1.406904892E-3	1.244324376E-3	NaN	NaN	NaN
1.141717657E-3	1.067115925E-3	1.008918975E-3	8.254971472E-4	5.768718547E-4	4.168660380E-4	4.693011579E-4	6.353217759E-4	8.704291540E-4	1.144795562E-3	1.264489954E-3	1.320634503E-3	NaN	NaN	NaN	NaN	1.538394135E-3	1.277309842E-3	1.064982847E-3	9.161161142E-4	7.857690798E-4	7.598238881E-4	8.049103199E-4	9.311203030E-4	1.052319538E-3	1.076847780E-3	1.068246551E-3	8.957714308E-4	6.259336369E-4	6.505600759E-4	8.450223831E-4	9.212607983E-4	1.148873358E-3	1.448243158E-3	1.358949230E-3	1.253110939E-3	NaN	NaN
1.204157015E-3	1.081294147E-3	9.570761467E-4	8.218362345E-4	6.439450081E-4	4.861389461E-4	5.594865652E-4	7.520638173E-4	9.335153736E-4	1.109490171E-3	1.157814520E-3	1.145446673E-3	NaN	NaN	NaN	NaN	NaN	NaN	1.108597382E-3	8.772149449E-4	7.964631659E-4	8.634276455E-4	9.734467603E-4	1.071986742E-3	1.041034469E-3	9.283681284E-4	9.137609159E-4	8.382512024E-4	6.524899509E-4	6.446641637E-4	7.881742204E-4	8.677603328E-4	1.018490409E-3	1.242871396E-3	1.239643781E-3	1.189199393E-3	1.266491250E-3	NaN
1.070127008E-3	1.013654983E-3	9.505681228E-4	8.781106444E-4	7.307030028E-4	6.042714813E-4	7.799022715E-4	1.042302931E-3	1.153014833E-3	1.185232541E-3	1.130413730E-3	1.083353069E-3	NaN	NaN	NaN	NaN	NaN	NaN	1.348836697E-3	1.085120020E-3	1.028855797E-3	1.090662088E-3	1.124131144E-3	1.130355638E-3	1.049133949E-3	8.873885963E-4	8.359864587E-4	8.324541268E-4	7.054870366E-4	5.988607300E-4	6.757622468E-4	8.140748832E-4	8.820598014E-4	9.650532156E-4	1.122653252E-3	1.294968417E-3	1.333301771E-3	NaN
8.260031464E-4	8.743197541E-4	1.003735815E-3	1.005041995E-3	8.551020874E-4	7.981522940E-4	1.048075617E-3	1.272094902E-3	1.312752138E-3	1.318397350E-3	1.226055901E-3	NaN	NaN	NaN	NaN	NaN	NaN	NaN	NaN	1.318448922E-3	1.299731084E-3	1.304410864E-3	1.197967795E-3	1.069697551E-3	9.797001258E-4	8.529729093E-4	8.114059456E-4	8.578095003E-4	7.030709530E-4	4.488057748E-4	4.903870285E-4	7.258463302E-4	7.685325691E-4	7.771159289E-4	1.083944109E-3	1.426906791E-3	1.390790800E-3	1.191146788E-3
8.352150908E-4	8.527910686E-4	1.035858295E-3	1.049234997E-3	9.316300857E-4	9.770385223E-4	1.225963817E-3	1.327562029E-3	1.308539300E-3	1.346777310E-3	1.280900789E-3	NaN	NaN	NaN	NaN	NaN	NaN	NaN	NaN	1.390189049E-3	1.418848173E-3	1.380398637E-3	1.224752865E-3	9.827094618E-4	8.047664305E-4	7.070551510E-4	7.748482167E-4	9.216426988E-4	7.412320119E-4	4.120571830E-4	4.888135591E-4	7.790648961E-4	7.607391453E-4	6.719252560E-4	9.390651248E-4	1.273144851E-3	1.245994237E-3	1.096272608E-3
1.044235192E-3	9.202109068E-4	9.725628770E-4	9.509936208E-4	8.774829912E-4	9.602898499E-4	1.171670854E-3	1.246870379E-3	1.252414309E-3	1.331315376E-3	NaN	NaN	NaN	NaN	NaN	NaN	NaN	NaN	NaN	NaN	1.337724272E-3	1.313497545E-3	1.246249420E-3	9.744690033E-4	6.837337278E-4	5.729098339E-4	7.305769250E-4	9.905092884E-4	9.101313772E-4	6.372638163E-4	7.087652339E-4	9.492139216E-4	8.874908090E-4	7.181109977E-4	7.888092659E-4	9.963299381E-4	1.092584804E-3	1.108863507E-3
1.117693144E-3	9.527224465E-4	9.928286308E-4	1.029603998E-3	9.490260854E-4	8.893262711E-4	9.633019799E-4	1.041207463E-3	1.101744827E-3	1.276285388E-3	NaN	NaN	NaN	NaN	NaN	NaN	NaN	NaN	NaN	NaN	NaN	1.374954823E-3	1.376511762E-3	1.084326999E-3	7.550898590E-4	6.394806551E-4	7.319097058E-4	9.405506426E-4	1.018523239E-3	9.128506063E-4	9.033477399E-4	1.015525428E-3	1.029684208E-3	9.477447020E-4	8.810289437E-4	9.533942793E-4	1.115537132E-3	1.163595472E-3
1.038768329E-3	9.165879455E-4	1.089702593E-3	1.259591663E-3	1.161161461E-3	9.226758848E-4	8.608075441E-4	9.454000392E-4	1.019270043E-3	1.252498245E-3	NaN	NaN	NaN	NaN	NaN	NaN	NaN	NaN	NaN	NaN	NaN	NaN	1.550743589E-3	1.269245055E-3	1.060729381E-3	1.014913782E-3	9.107048390E-4	8.194776601E-4	9.323286358E-4	1.076502609E-3	1.102047274E-3	1.112087746E-3	1.182651496E-3	1.213592477E-3	1.111753052E-3	1.111943624E-3	1.256906777E-3	1.208751230E-3
1.058644732E-3	9.416792309E-4	1.120750676E-3	1.309731975E-3	1.212692354E-3	9.337745723E-4	8.999846759E-4	1.108093420E-3	1.200272818E-3	1.322978176E-3	NaN	NaN	NaN	NaN	NaN	NaN	NaN	NaN	NaN	NaN	NaN	NaN	NaN	1.295826281E-3	1.320224022E-3	1.451016404E-3	1.248811139E-3	8.561976138E-4	8.518209797E-4	1.160857035E-3	1.333179302E-3	1.316444483E-3	1.291999593E-3	1.241978724E-3	1.107008546E-3	1.147131086E-3	1.342943055E-3	1.263185521E-3
1.172947348E-3	1.054078108E-3	1.112135942E-3	1.248498913E-3	1.215173048E-3	1.016289345E-3	1.048299600E-3	1.321544521E-3	1.367346733E-3	NaN	NaN	NaN	NaN	NaN	NaN	NaN	NaN	NaN	NaN	NaN	NaN	NaN	NaN	NaN	NaN	NaN	1.539720688E-3	1.050943392E-3	9.162983042E-4	1.210700022E-3	1.473268261E-3	1.470917952E-3	1.292475732E-3	1.052578911E-3	8.601406007E-4	9.562854539E-4	1.217885059E-3	1.201678417E-3
1.089445665E-3	9.625599487E-4	9.427494952E-4	1.112681348E-3	1.252670540E-3	1.216275035E-3	1.251594280E-3	1.402540598E-3	1.303346595E-3	NaN	NaN	NaN	NaN	NaN	NaN	NaN	NaN	NaN	NaN	NaN	NaN	NaN	NaN	NaN	NaN	NaN	NaN	NaN	NaN	NaN	1.585003803E-3	1.551001798E-3	1.295307535E-3	1.010508044E-3	7.747414638E-4	7.595593343E-4	9.370972402E-4	1.003632904E-3
8.529885672E-4	7.138646324E-4	6.726629799E-4	8.699561004E-4	1.145515474E-3	1.251653070E-3	1.273251954E-3	1.328756218E-3	NaN	NaN	NaN	NaN	NaN	NaN	NaN	NaN	NaN	NaN	NaN	NaN	NaN	NaN	NaN	NaN	NaN	NaN	NaN	NaN	NaN	NaN	NaN	NaN	1.227053930E-3	1.134974416E-3	9.388132603E-4	7.270349888E-4	7.760477602E-4	9.175572195E-4
8.748199325E-4	7.586550200E-4	6.922559114E-4	7.943510427E-4	1.056597685E-3	1.202240703E-3	1.155869686E-3	1.171630342E-3	NaN	NaN	NaN	NaN	NaN	NaN	NaN	NaN	NaN	NaN	NaN	NaN	NaN	NaN	NaN	NaN	NaN	NaN	NaN	NaN	NaN	NaN	NaN	NaN	NaN	1.172049204E-3	1.115973573E-3	8.458661614E-4	8.694176795E-4	1.058891183E-3
1.167668612E-3	1.037295326E-3	9.158413159E-4	8.915273938E-4	1.109847566E-3	1.299816882E-3	1.186706708E-3	NaN	NaN	NaN	NaN	NaN	NaN	NaN	NaN	NaN	NaN	NaN	NaN	NaN	NaN	NaN	NaN	NaN	NaN	NaN	NaN	NaN	NaN	NaN	NaN	NaN	NaN	NaN	NaN	1.122048707E-3	1.133329817E-3	1.282554236E-3
NaN	1.301205019E-3	1.076584915E-3	9.586672531E-4	1.127170050E-3	1.361673465E-3	NaN	NaN	NaN	NaN	NaN	NaN	NaN	NaN	NaN	NaN	NaN	NaN	NaN	NaN	NaN	NaN	NaN	NaN	NaN	NaN	NaN	NaN	NaN	NaN	NaN	NaN	NaN	NaN	NaN	NaN	NaN	NaN
1.858143369E-3	1.612646738E-3	1.302637625E-3	1.122808084E-3	1.184320310E-3	1.334086759E-3	NaN	NaN	NaN	NaN	NaN	NaN	NaN	NaN	NaN	NaN	NaN	NaN	NaN	NaN	NaN	NaN	NaN	NaN	NaN	NaN	NaN	NaN	NaN	NaN	NaN	NaN	NaN	NaN	NaN	NaN	NaN	NaN
1.836056355E-3	1.732251607E-3	1.494520577E-3	1.354980632E-3	1.350963954E-3	1.373458537E-3	NaN	NaN	NaN	NaN	NaN	NaN	NaN	NaN	NaN	NaN	NaN	NaN	NaN	NaN	NaN	NaN	NaN	NaN	NaN	NaN	NaN	NaN	NaN	NaN	NaN	NaN	NaN	NaN	NaN	NaN	NaN	NaN
1.376141328E-3	1.456738100E-3	1.407678355E-3	1.376856235E-3	1.376628177E-3	1.329752267E-3	1.342094271E-3	NaN	NaN	NaN	NaN	NaN	NaN	NaN	NaN	NaN	NaN	NaN	NaN	NaN	NaN	NaN	NaN	NaN	NaN	NaN	NaN	NaN	NaN	NaN	NaN	NaN	NaN	NaN	NaN	NaN	NaN	NaN
8.947739843E-4	1.083122101E-3	1.152338227E-3	1.178711304E-3	1.219424186E-3	1.169372583E-3	1.142766210E-3	1.282941899E-3	NaN	NaN	NaN	NaN	NaN	NaN	NaN	NaN	NaN	NaN	NaN	NaN	NaN	NaN	NaN	NaN	NaN	NaN	NaN	NaN	NaN	NaN	NaN	NaN	NaN	NaN	NaN	NaN	NaN	NaN
5.465403665E-4	7.561448729E-4	8.277318557E-4	8.464455022E-4	9.696013294E-4	1.033404493E-3	1.066089957E-3	1.184863388E-3	1.287604333E-3	NaN	NaN	NaN	NaN	NaN	NaN	NaN	NaN	NaN	NaN	NaN	NaN	NaN	NaN	NaN	NaN	NaN	NaN	NaN	NaN	NaN	NaN	NaN	NaN	NaN	NaN	NaN	NaN	NaN
2.389748843E-4	4.256442480E-4	4.810233368E-4	4.684224841E-4	5.852694158E-4	7.493022131E-4	9.562880150E-4	1.142085996E-3	1.119093969E-3	1.074111322E-3	NaN	NaN	NaN	NaN	NaN	NaN	NaN	NaN	NaN	NaN	NaN	NaN	NaN	NaN	NaN	NaN	NaN	NaN	NaN	NaN	NaN	NaN	NaN	NaN	NaN	NaN	NaN	NaN
NaN	1.341125171E-4	2.499413677E-4	2.577342675E-4	2.658967569E-4	3.775108489E-4	6.935773417E-4	9.744640556E-4	9.507209179E-4	8.795820177E-4	1.002980047E-3	1.099631190E-3	9.842765285E-4	9.073974215E-4	1.066744793E-3	1.183268847E-3	1.143626287E-3	1.078909030E-3	NaN	NaN	NaN	NaN	NaN	NaN	NaN	NaN	NaN	NaN	NaN	NaN	NaN	NaN	NaN	NaN	NaN	NaN	NaN	NaN
NaN	NaN	2.094501397E-4	3.018162097E-4	2.994274837E-4	3.809230693E-4	6.774100475E-4	9.094275301E-4	8.836664492E-4	8.330264245E-4	8.549120394E-4	8.635232807E-4	7.957396447E-4	7.451863494E-4	8.936552331E-4	1.028607134E-3	1.033086446E-3	1.047474681E-3	1.048498554E-3	1.123806695E-3	NaN	NaN	NaN	NaN	NaN	NaN	NaN	NaN	NaN	NaN	NaN	NaN	NaN	NaN	NaN	NaN	NaN	NaN
NaN	1.707970805E-4	4.846619850E-4	6.058157887E-4	6.265304983E-4	7.359993178E-4	9.769104654E-4	1.070594299E-3	9.922048775E-4	9.871929651E-4	9.740444366E-4	9.241848602E-4	8.678112645E-4	7.466303068E-4	7.720179856E-4	9.091948159E-4	1.011800836E-3	1.119404216E-3	1.201749197E-3	1.295422786E-3	1.378457178E-3	NaN	NaN	NaN	NaN	NaN	NaN	NaN	NaN	NaN	NaN	NaN	NaN	NaN	NaN	NaN	NaN	NaN
4.618615494E-4	7.123944815E-4	1.049007871E-3	1.100155059E-3	9.903543396E-4	9.977639420E-4	1.192353782E-3	1.273143105E-3	1.218215097E-3	1.278793905E-3	1.298862975E-3	1.185911126E-3	1.025371253E-3	7.992374594E-4	7.241790881E-4	8.592639933E-4	1.042178134E-3	1.141148736E-3	1.161058899E-3	1.277738367E-3	1.389232581E-3	NaN	NaN	NaN	NaN	NaN	NaN	NaN	NaN	NaN	NaN	NaN	NaN	NaN	NaN	NaN	NaN	NaN
1.089306548E-3	1.263282378E-3	1.518925652E-3	1.483452506E-3	1.235020463E-3	1.077284105E-3	1.225851593E-3	1.444705296E-3	1.511798589E-3	1.520448015E-3	1.448867028E-3	1.283495338E-3	1.106804935E-3	9.576723096E-4	9.215289028E-4	9.946485516E-4	1.114347717E-3	1.087295590E-3	9.508854710E-4	1.046414371E-3	1.247180393E-3	1.353977364E-3	NaN	NaN	NaN	NaN	NaN	NaN	NaN	NaN	NaN	NaN	NaN	NaN	NaN	NaN	NaN	NaN
1.562087331E-3	1.644106465E-3	1.703772927E-3	1.544864499E-3	1.245733234E-3	9.898269782E-4	1.080004266E-3	1.480102772E-3	1.772901393E-3	1.727714669E-3	1.488810405E-3	1.279155491E-3	1.156328595E-3	1.170554548E-3	1.262578182E-3	1.284208847E-3	1.271468471E-3	1.089525409E-3	8.309232653E-4	8.789494168E-4	1.071712119E-3	1.222112798E-3	NaN	NaN	NaN	NaN	NaN	NaN	NaN	NaN	NaN	NaN	NaN	NaN	NaN	NaN	NaN	NaN
1.723874127E-3	1.784136752E-3	1.676592277E-3	1.363232732E-3	1.031780965E-3	7.673430955E-4	8.317172178E-4	1.344270306E-3	1.843667356E-3	1.880820841E-3	1.618733048E-3	1.369546168E-3	1.188804861E-3	1.225254266E-3	1.403348870E-3	1.463826397E-3	1.436476829E-3	1.202915795E-3	8.900311077E-4	8.643153706E-4	9.645972750E-4	1.088728779E-3	NaN	NaN	NaN	NaN	NaN	NaN	NaN	NaN	NaN	NaN	NaN	NaN	NaN	NaN	NaN	NaN
1.499044010E-3	1.547831227E-3	1.436286489E-3	1.105455682E-3	8.273645071E-4	6.809063489E-4	8.026802680E-4	1.294036047E-3	1.769088442E-3	1.859806944E-3	1.680836664E-3	1.391435508E-3	1.094583538E-3	1.127335941E-3	1.379948691E-3	1.486367430E-3	1.492416020E-3	1.305760466E-3	1.021040487E-3	9.586511296E-4	1.002607518E-3	NaN	NaN	NaN	NaN	NaN	NaN	NaN	NaN	NaN	NaN	NaN	NaN	NaN	NaN	NaN	NaN	NaN
NaN	1.165689784E-3	1.114576706E-3	8.790152497E-4	7.152077160E-4	7.144408301E-4	8.810733561E-4	1.251087640E-3	1.559250522E-3	1.639184775E-3	1.570314285E-3	1.293655601E-3	9.641842917E-4	1.081422204E-3	1.434615464E-3	1.527787419E-3	1.475270838E-3	1.315423986E-3	1.121012960E-3	NaN	NaN	NaN	NaN	NaN	NaN	NaN	NaN	NaN	NaN	NaN	NaN	NaN	NaN	NaN	NaN	NaN	1.096138032E-3	1.102551352E-3
NaN	NaN	8.684201748E-4	6.866332842E-4	6.375072408E-4	7.252538926E-4	8.162468439E-4	1.013606205E-3	1.205531531E-3	1.293844660E-3	1.332057291E-3	1.162024913E-3	8.945586742E-4	1.051001484E-3	1.430191216E-3	1.514689880E-3	1.416112646E-3	1.271789661E-3	NaN	NaN	NaN	NaN	NaN	NaN	NaN	NaN	NaN	NaN	NaN	NaN	NaN	NaN	NaN	NaN	1.080067013E-3	9.541645413E-4	8.356072940E-4	9.074148256E-4
