NaN	NaN	NaN	NaN	NaN	NaN	NaN	NaN	NaN	NaN	NaN	NaN	NaN	NaN	NaN	NaN	NaN	NaN	NaN	NaN	NaN	NaN	NaN	NaN	NaN	NaN	NaN	NaN	NaN	NaN	NaN	NaN	NaN	NaN	NaN	NaN	NaN	NaN	NaN	NaN
NaN	NaN	NaN	NaN	NaN	NaN	NaN	NaN	NaN	NaN	NaN	NaN	NaN	NaN	NaN	NaN	NaN	NaN	NaN	NaN	NaN	2.007497533E-4	1.361446484E-4	4.637042002E-5	9.859736019E-5	3.219513164E-4	NaN	NaN	NaN	NaN	NaN	NaN	NaN	NaN	NaN	NaN	NaN	NaN	NaN	NaN
NaN	NaN	NaN	NaN	NaN	NaN	NaN	NaN	NaN	NaN	NaN	NaN	NaN	NaN	NaN	NaN	NaN	NaN	NaN	NaN	5.816622870E-4	5.397228524E-4	4.473462468E-4	2.604558540E-4	2.205156197E-4	5.071238265E-4	8.038989617E-4	8.464682614E-4	NaN	NaN	NaN	NaN	NaN	NaN	NaN	NaN	NaN	NaN	NaN	NaN
NaN	NaN	NaN	NaN	NaN	NaN	NaN	NaN	NaN	NaN	NaN	NaN	NaN	NaN	NaN	NaN	NaN	NaN	NaN	NaN	8.119724225E-4	9.455771069E-4	9.783637943E-4	7.073314046E-4	4.832213453E-4	7.320527802E-4	1.137196086E-3	1.192801283E-3	8.432160248E-4	NaN	NaN	NaN	NaN	NaN	NaN	NaN	NaN	NaN	NaN	NaN
NaN	NaN	NaN	NaN	NaN	NaN	NaN	NaN	NaN	NaN	NaN	NaN	NaN	NaN	NaN	NaN	NaN	NaN	NaN	7.306109765E-4	8.700286271E-4	1.124399132E-3	1.286678365E-3	1.090007718E-3	8.565439493E-4	1.048507984E-3	1.407327945E-3	1.387180178E-3	9.683716926E-4	4.849889665E-4	NaN	NaN	NaN	NaN	NaN	NaN	NaN	NaN	NaN	NaN
NaN	NaN	NaN	NaN	NaN	NaN	NaN	NaN	NaN	NaN	NaN	NaN	NaN	NaN	NaN	NaN	NaN	NaN	6.045696209E-4	8.138607373E-4	9.599506739E-4	1.174948062E-3	1.293304143E-3	1.189690200E-3	1.090328791E-3	1.251358422E-3	1.482709660E-3	1.425352530E-3	1.106623560E-3	7.874374278E-4	5.083987489E-4	2.255501167E-4	NaN	NaN	NaN	NaN	NaN	NaN	NaN	NaN
NaN	NaN	NaN	NaN	NaN	NaN	NaN	NaN	NaN	NaN	NaN	NaN	NaN	NaN	NaN	NaN	NaN	3.170367854E-4	6.355608348E-4	8.337908657E-4	9.938882431E-4	1.119246706E-3	1.102266717E-3	9.983675554E-4	1.029736362E-3	1.227144036E-3	1.389820944E-3	1.357553992E-3	1.177785220E-3	1.003476325E-3	8.072903729E-4	5.558425328E-4	3.015568072E-4	NaN	NaN	NaN	NaN	NaN	NaN	NaN
NaN	NaN	NaN	NaN	NaN	NaN	NaN	NaN	NaN	NaN	NaN	NaN	NaN	NaN	NaN	NaN	3.393546504E-4	4.994623014E-4	6.756963558E-4	7.329532527E-4	8.046921575E-4	8.549516206E-4	7.722187438E-4	6.952728727E-4	8.763652877E-4	1.185256639E-3	1.358151669E-3	1.348576625E-3	1.193499309E-3	1.038718969E-3	9.429859347E-4	8.451234316E-4	7.123019896E-4	4.259062989E-4	NaN	NaN	NaN	NaN	NaN	NaN
NaN	NaN	NaN	NaN	NaN	NaN	NaN	NaN	NaN	NaN	NaN	NaN	NaN	NaN	NaN	5.309971748E-4	5.019984674E-4	6.624387461E-4	7.044161321E-4	5.958817201E-4	5.934484070E-4	6.442865124E-4	5.913829664E-4	5.658686860E-4	8.218059083E-4	1.159342006E-3	1.315042959E-3	1.314054010E-3	1.131227473E-3	9.299839730E-4	9.242256056E-4	1.012255438E-3	1.023666700E-3	7.942164084E-4	3.503837215E-4	NaN	NaN	NaN	NaN	NaN
NaN	NaN	NaN	NaN	NaN	NaN	NaN	NaN	NaN	NaN	NaN	NaN	NaN	NaN	8.369283751E-4	7.220329135E-4	6.685758708E-4	7.463895017E-4	6.808816688E-4	5.341288052E-4	5.411030725E-4	6.494010449E-4	6.839386770E-4	6.512576365E-4	7.862905622E-4	9.884726023E-4	1.071522711E-3	1.048608101E-3	8.286413504E-4	6.196071045E-4	7.062027580E-4	9.330003522E-4	1.087064273E-3	1.023773453E-3	7.307881606E-4	4.597546358E-4	NaN	NaN	NaN	NaN
NaN	NaN	NaN	NaN	NaN	NaN	NaN	NaN	NaN	NaN	NaN	NaN	NaN	7.685691817E-4	1.015786198E-3	1.001423225E-3	8.882084512E-4	8.019270608E-4	6.851854851E-4	5.810906296E-4	5.476257065E-4	6.337881787E-4	7.670928608E-4	7.603007252E-4	7.650656626E-4	8.386005647E-4	8.606967749E-4	7.700335118E-4	5.007756990E-4	3.670633014E-4	5.778167979E-4	8.599446155E-4	1.049256301E-3	1.086397679E-3	9.713566978E-4	8.462532423E-4	6.905722548E-4	NaN	NaN	NaN
NaN	NaN	NaN	NaN	NaN	NaN	NaN	NaN	NaN	NaN	NaN	NaN	NaN	7.538194768E-4	1.048516133E-3	1.100230962E-3	9.797811508E-4	8.413206670E-4	7.369443192E-4	6.477577845E-4	5.321757635E-4	5.563047016E-4	7.477011532E-4	8.015535423E-4	8.052121848E-4	8.716144948E-4	8.603612077E-4	7.026912645E-4	4.468016268E-4	4.385329667E-4	7.312507369E-4	9.602230857E-4	1.017043367E-3	9.498228901E-4	8.547880570E-4	8.352210280E-4	7.496009930E-4	5.407456192E-4	NaN	NaN
NaN	NaN	NaN	NaN	NaN	NaN	NaN	NaN	NaN	NaN	NaN	NaN	4.564350238E-4	6.938621518E-4	8.688555099E-4	9.451106307E-4	9.441284928E-4	8.839684888E-4	7.461340865E-4	5.690756370E-4	4.329510266E-4	5.245330976E-4	7.790810196E-4	8.438565419E-4	8.475371869E-4	9.109963430E-4	8.574717795E-4	6.985688233E-4	5.598568823E-4	6.564297364E-4	9.372415952E-4	1.075796317E-3	9.804074652E-4	7.572556497E-4	5.543668522E-4	4.627701419E-4	4.127473512E-4	3.848052002E-4	5.013333866E-4	NaN
NaN	NaN	NaN	NaN	NaN	NaN	NaN	NaN	NaN	NaN	NaN	NaN	4.985731794E-4	5.550821079E-4	6.143440842E-4	7.515958860E-4	8.899980457E-4	8.903832058E-4	6.708606379E-4	3.950828686E-4	3.014824761E-4	5.238169688E-4	8.607361233E-4	9.523635963E-4	9.240517975E-4	8.908672025E-4	7.621900295E-4	6.516041467E-4	6.321617984E-4	7.316787960E-4	9.286769200E-4	1.042268937E-3	9.584820946E-4	7.459974149E-4	4.621706903E-4	1.847922831E-4	1.076991030E-4	2.832785831E-4	5.777549231E-4	6.723476108E-4
NaN	NaN	NaN	NaN	NaN	NaN	NaN	NaN	NaN	NaN	NaN	NaN	5.973788793E-4	4.792679392E-4	4.946251865E-4	6.679859362E-4	8.573810919E-4	8.962609572E-4	6.909316871E-4	4.346451606E-4	3.562161291E-4	5.103248404E-4	7.732740487E-4	9.393835207E-4	9.852885269E-4	8.814430330E-4	6.824489683E-4	6.062640459E-4	6.340838736E-4	6.668625865E-4	7.776819402E-4	9.525953792E-4	1.025997452E-3	9.351093322E-4	6.320032408E-4	2.418407094E-4	1.447234681E-4	3.816655953E-4	7.080266369E-4	8.356486214E-4
NaN	NaN	NaN	NaN	NaN	NaN	NaN	NaN	NaN	NaN	NaN	NaN	6.170178531E-4	4.979575751E-4	5.401987582E-4	7.089045830E-4	9.154722793E-4	1.005525584E-3	8.481620462E-4	6.208872655E-4	4.959418438E-4	4.675718956E-4	5.757824983E-4	8.140295977E-4	9.973011911E-4	9.081451572E-4	6.920266314E-4	6.580271292E-4	7.355058915E-4	7.208922761E-4	7.359543233E-4	9.422888397E-4	1.154052326E-3	1.130104531E-3	8.227545768E-4	4.990046145E-4	4.711835354E-4	6.382573047E-4	8.843999822E-4	1.053576590E-3
NaN	NaN	NaN	NaN	NaN	NaN	NaN	NaN	NaN	NaN	NaN	NaN	5.576899275E-4	6.288043805E-4	6.973581621E-4	7.780106971E-4	9.432141087E-4	1.034047571E-3	8.644607733E-4	6.249438738E-4	5.020825192E-4	4.781334719E-4	5.989363417E-4	8.645966882E-4	1.064831857E-3	9.816020029E-4	7.915703463E-4	8.242406184E-4	9.715562919E-4	9.328669403E-4	8.248466183E-4	9.498760337E-4	1.180776046E-3	1.166903181E-3	9.000631981E-4	7.493974990E-4	8.197134594E-4	8.852201863E-4	1.039942959E-3	1.214978634E-3
NaN	NaN	NaN	NaN	NaN	NaN	NaN	NaN	NaN	NaN	NaN	NaN	6.702757091E-4	9.150065016E-4	9.180078632E-4	7.800565800E-4	7.852411363E-4	8.207676583E-4	6.695960765E-4	4.971071030E-4	4.729652719E-4	5.692429841E-4	7.407658268E-4	9.418914560E-4	1.100877183E-3	1.092325663E-3	9.867377812E-4	1.019653515E-3	1.122623449E-3	1.066505094E-3	9.394801455E-4	9.860147256E-4	1.140261185E-3	1.114299754E-3	9.362252313E-4	9.313564515E-4	1.038722927E-3	1.047853264E-3	1.174115692E-3	1.323567820E-3
NaN	NaN	NaN	NaN	NaN	NaN	NaN	NaN	NaN	NaN	NaN	NaN	8.673981065E-4	1.173533150E-3	1.121352427E-3	8.148574852E-4	6.543080090E-4	6.105803186E-4	4.962169332E-4	4.120781960E-4	4.611903278E-4	6.017410196E-4	7.300722064E-4	8.451654576E-4	1.031646971E-3	1.165308291E-3	1.136112260E-3	1.066907425E-3	1.015662798E-3	9.589385591E-4	9.300586535E-4	9.683495737E-4	1.027427264E-3	9.728389559E-4	8.701752522E-4	9.457542328E-4	1.105142292E-3	1.201796578E-3	1.396519248E-3	1.530662761E-3
NaN	NaN	NaN	NaN	NaN	NaN	NaN	NaN	NaN	NaN	NaN	NaN	8.482495323E-4	1.201453619E-3	1.255280105E-3	9.970801184E-4	7.607680745E-4	6.251716404E-4	5.153857055E-4	4.364323977E-4	4.329823423E-4	5.286498927E-4	6.248455611E-4	7.351771928E-4	9.461659356E-4	1.080434886E-3	1.000007847E-3	8.332641446E-4	7.055051392E-4	6.624558591E-4	6.789034815E-4	7.071878645E-4	7.161868270E-4	6.472223904E-4	5.670463433E-4	6.568353274E-4	9.313915507E-4	1.262605423E-3	1.607817598E-3	1.774077304E-3
NaN	NaN	NaN	NaN	NaN	NaN	NaN	NaN	NaN	NaN	NaN	NaN	NaN	9.592105635E-4	1.237408374E-3	1.176581369E-3	9.463621536E-4	7.549506845E-4	6.829567719E-4	6.026442279E-4	4.766939965E-4	4.551419988E-4	5.213172408E-4	6.406753673E-4	8.129983325E-4	8.771306020E-4	7.651076885E-4	6.093309494E-4	5.097524263E-4	4.706573673E-4	4.620352120E-4	4.739762226E-4	4.611506301E-4	3.836793767E-4	3.027761995E-4	3.450039367E-4	6.398731493E-4	1.089869067E-3	1.488759182E-3	1.650975086E-3
NaN	NaN	NaN	NaN	NaN	NaN	NaN	NaN	NaN	NaN	NaN	NaN	NaN	5.994338426E-4	1.027563703E-3	1.181310741E-3	1.058962895E-3	8.811160224E-4	8.587702760E-4	8.081044070E-4	5.859924131E-4	4.257662804E-4	4.347974609E-4	5.090269842E-4	6.014718092E-4	7.035557646E-4	7.511756849E-4	6.865846226E-4	5.664234050E-4	4.873371508E-4	4.967534333E-4	5.507871392E-4	5.065760924E-4	4.014964215E-4	3.760205873E-4	4.287084448E-4	6.287859287E-4	9.272098541E-4	1.137766987E-3	1.177142258E-3
NaN	NaN	NaN	NaN	NaN	NaN	NaN	NaN	NaN	NaN	NaN	NaN	NaN	NaN	7.196533261E-4	1.028003171E-3	1.082903938E-3	9.676391492E-4	9.701118106E-4	9.658885538E-4	7.409731043E-4	5.302586942E-4	5.207518116E-4	5.382277304E-4	5.238315789E-4	6.613761652E-4	8.716958109E-4	8.505822625E-4	6.251541781E-4	4.844998766E-4	5.758156185E-4	7.431286504E-4	7.134287152E-4	5.954919616E-4	6.286232383E-4	7.281170110E-4	8.658439619E-4	1.014106674E-3	1.014329260E-3	9.107836522E-4
NaN	NaN	NaN	NaN	NaN	NaN	NaN	NaN	NaN	NaN	NaN	NaN	NaN	NaN	NaN	7.763597532E-4	9.671698208E-4	9.383988217E-4	9.969500825E-4	1.098395791E-3	1.031325548E-3	9.361618431E-4	9.365074802E-4	8.623410249E-4	7.077878108E-4	7.339326548E-4	8.803164819E-4	7.953749155E-4	5.165119655E-4	3.927965881E-4	5.599779543E-4	8.146242471E-4	8.787277620E-4	8.349830168E-4	8.672676049E-4	8.947490714E-4	9.685081313E-4	1.121819136E-3	1.094211126E-3	9.284634143E-4
NaN	NaN	NaN	NaN	NaN	NaN	NaN	NaN	NaN	NaN	NaN	NaN	NaN	NaN	NaN	NaN	6.951403338E-4	7.352644461E-4	8.653559489E-4	1.105083851E-3	1.310661901E-3	1.463630470E-3	1.487221103E-3	1.283793012E-3	9.825031739E-4	8.378747152E-4	8.112665382E-4	6.429305067E-4	4.027008836E-4	3.516933357E-4	5.057654926E-4	7.256377721E-4	9.025609470E-4	1.041255076E-3	1.113546314E-3	1.023586839E-3	9.551150724E-4	1.058364753E-3	1.039727475E-3	8.982607978E-4
NaN	NaN	NaN	NaN	NaN	NaN	NaN	NaN	NaN	NaN	NaN	NaN	NaN	NaN	NaN	NaN	3.802067367E-4	4.345973721E-4	6.255360786E-4	9.581708582E-4	1.342908014E-3	1.693357830E-3	1.784376567E-3	1.552592497E-3	1.204342698E-3	1.001866884E-3	9.239075589E-4	7.290436770E-4	4.878920736E-4	4.177678202E-4	4.767161736E-4	6.096514990E-4	8.539562114E-4	1.130903023E-3	1.243966515E-3	1.080974471E-3	8.612614474E-4	8.321547648E-4	8.293282008E-4	8.446199936E-4
NaN	NaN	NaN	NaN	NaN	NaN	NaN	NaN	NaN	NaN	NaN	NaN	NaN	NaN	NaN	NaN	NaN	1.552708127E-4	4.383347405E-4	8.127692272E-4	1.195221907E-3	1.575654605E-3	1.727158669E-3	1.573770423E-3	1.301718294E-3	1.179926214E-3	1.174869132E-3	9.942557663E-4	6.957544829E-4	5.279025645E-4	5.070167826E-4	6.201614160E-4	8.753969450E-4	1.115969033E-3	1.152522396E-3	9.071913664E-4	5.637646536E-4	4.490545543E-4	5.580813158E-4	8.106353343E-4
NaN	NaN	NaN	NaN	NaN	NaN	NaN	NaN	NaN	NaN	NaN	NaN	NaN	NaN	NaN	NaN	NaN	NaN	2.931579365E-4	6.795898080E-4	1.024093828E-3	1.379075926E-3	1.537898905E-3	1.422728063E-3	1.240254496E-3	1.243354985E-3	1.324130339E-3	1.188137336E-3	8.965686429E-4	6.719759549E-4	6.182481302E-4	7.839436876E-4	1.062331256E-3	1.193830394E-3	1.082348404E-3	7.396767032E-4	2.951251226E-4	1.164096175E-4	3.096368455E-4	6.802844582E-4
NaN	NaN	NaN	NaN	NaN	NaN	NaN	NaN	NaN	NaN	NaN	NaN	NaN	NaN	NaN	NaN	NaN	NaN	1.153757330E-4	4.632479977E-4	8.053149795E-4	1.161456923E-3	1.332103624E-3	1.246263855E-3	1.164856832E-3	1.288678148E-3	1.401446527E-3	1.283073914E-3	1.048148726E-3	8.414536715E-4	7.881547208E-4	1.024610479E-3	1.371321036E-3	1.397576882E-3	1.083609182E-3	6.582311471E-4	2.003666305E-4	NaN	1.118011714E-4	4.609874159E-4
NaN	NaN	NaN	NaN	NaN	NaN	NaN	NaN	NaN	NaN	NaN	NaN	NaN	NaN	NaN	NaN	NaN	NaN	NaN	1.876747556E-4	4.729597713E-4	7.979988004E-4	1.053630956E-3	1.131382654E-3	1.219442114E-3	1.405467512E-3	1.428874908E-3	1.225006883E-3	1.050388673E-3	9.727244033E-4	9.503447218E-4	1.163149369E-3	1.524692285E-3	1.468565082E-3	9.738918161E-4	4.965001135E-4	8.548740880E-5	NaN	NaN	1.698631240E-4
NaN	NaN	NaN	NaN	NaN	NaN	NaN	NaN	NaN	NaN	NaN	NaN	NaN	NaN	NaN	NaN	NaN	NaN	NaN	NaN	1.141179091E-4	3.510599199E-4	7.563479594E-4	1.116721542E-3	1.390091958E-3	1.532670576E-3	1.388023258E-3	1.094827079E-3	1.027501305E-3	1.129522221E-3	1.066961093E-3	1.072800136E-3	1.347953803E-3	1.325819059E-3	8.429728332E-4	3.475382691E-4	NaN	NaN	NaN	NaN
NaN	NaN	NaN	NaN	NaN	NaN	NaN	NaN	NaN	NaN	NaN	NaN	NaN	NaN	NaN	NaN	NaN	NaN	NaN	NaN	NaN	NaN	4.663400468E-4	1.015141723E-3	1.412249519E-3	1.515770680E-3	1.314797322E-3	1.056266134E-3	1.088322024E-3	1.254703035E-3	1.083793119E-3	8.863974945E-4	1.072038198E-3	1.149334363E-3	8.189987857E-4	3.550353285E-4	NaN	NaN	NaN	NaN
NaN	NaN	NaN	NaN	NaN	NaN	NaN	NaN	NaN	NaN	NaN	NaN	NaN	NaN	NaN	NaN	NaN	NaN	NaN	NaN	NaN	NaN	NaN	6.128144450E-4	1.003832673E-3	1.138962922E-3	1.063641859E-3	9.579705657E-4	1.018158975E-3	1.127013005E-3	9.538893937E-4	8.095976082E-4	9.858655976E-4	1.065745600E-3	8.431297611E-4	4.848518292E-4	1.198752871E-4	NaN	NaN	NaN
NaN	NaN	NaN	NaN	NaN	NaN	NaN	NaN	NaN	NaN	NaN	NaN	NaN	NaN	NaN	NaN	NaN	NaN	NaN	NaN	NaN	NaN	NaN	NaN	NaN	4.707432236E-4	5.494965008E-4	6.357292295E-4	7.434955332E-4	8.231289685E-4	7.566590793E-4	7.913690642E-4	9.698530193E-4	9.630650748E-4	7.968413411E-4	6.011184305E-4	NaN	NaN	NaN	NaN
NaN	NaN	NaN	NaN	NaN	NaN	NaN	NaN	NaN	NaN	NaN	NaN	NaN	NaN	NaN	NaN	NaN	NaN	NaN	NaN	NaN	NaN	NaN	NaN	NaN	NaN	3.553844363E-5	2.492882777E-4	4.977679346E-4	7.019666955E-4	7.381503819E-4	7.812001859E-4	8.396211197E-4	7.556246710E-4	6.752355839E-4	6.248133723E-4	NaN	NaN	NaN	NaN
NaN	NaN	NaN	NaN	NaN	NaN	NaN	NaN	NaN	NaN	NaN	NaN	NaN	NaN	NaN	NaN	NaN	NaN	NaN	NaN	NaN	NaN	NaN	NaN	NaN	NaN	NaN	8.662902837E-5	4.691480426E-4	8.569510537E-4	9.406553581E-4	8.213006076E-4	6.823236472E-4	5.709318793E-4	5.706067313E-4	NaN	NaN	NaN	NaN	NaN
NaN	NaN	NaN	NaN	NaN	NaN	NaN	NaN	NaN	NaN	NaN	NaN	NaN	NaN	NaN	NaN	NaN	NaN	NaN	NaN	NaN	NaN	NaN	NaN	NaN	NaN	NaN	NaN	5.200991291E-4	9.063394973E-4	9.720053640E-4	7.520611398E-4	5.323344376E-4	4.479122872E-4	NaN	NaN	NaN	NaN	NaN	NaN
5.840618396E-4	5.652054097E-4	4.543455434E-4	3.672844905E-4	NaN	NaN	NaN	NaN	NaN	NaN	NaN	NaN	NaN	NaN	NaN	NaN	NaN	NaN	NaN	NaN	NaN	NaN	NaN	NaN	NaN	NaN	NaN	NaN	NaN	7.529038121E-4	7.452916470E-4	5.098778056E-4	NaN	NaN	NaN	NaN	NaN	NaN	NaN	NaN
5.536325625E-4	4.955229815E-4	4.891016288E-4	5.109391059E-4	4.794257111E-4	NaN	NaN	NaN	NaN	NaN	NaN	NaN	NaN	NaN	NaN	NaN	NaN	NaN	NaN	NaN	NaN	NaN	NaN	NaN	NaN	NaN	NaN	NaN	NaN	NaN	NaN	NaN	NaN	NaN	NaN	NaN	NaN	NaN	NaN	NaN
4.673262301E-4	3.929861705E-4	5.247708177E-4	5.943664582E-4	4.703500308E-4	4.232567444E-4	5.329598789E-4	NaN	NaN	NaN	NaN	NaN	NaN	NaN	NaN	NaN	NaN	NaN	NaN	NaN	NaN	NaN	NaN	NaN	NaN	NaN	NaN	NaN	NaN	NaN	NaN	NaN	NaN	NaN	NaN	NaN	NaN	NaN	NaN	NaN
4.156080249E-4	2.874341444E-4	4.425911175E-4	5.235111457E-4	3.956761211E-4	3.553541319E-4	4.288316413E-4	4.144511186E-4	NaN	NaN	NaN	NaN	NaN	NaN	NaN	NaN	NaN	NaN	NaN	NaN	NaN	NaN	NaN	NaN	NaN	NaN	NaN	NaN	NaN	NaN	NaN	NaN	NaN	NaN	NaN	NaN	NaN	NaN	NaN	NaN
5.375003093E-4	3.405693860E-4	3.660190268E-4	4.216097004E-4	4.157066287E-4	4.386106448E-4	4.046206595E-4	3.249699366E-4	3.604422964E-4	NaN	NaN	NaN	NaN	NaN	NaN	NaN	NaN	NaN	NaN	NaN	NaN	NaN	NaN	NaN	NaN	NaN	NaN	NaN	NaN	NaN	NaN	NaN	NaN	NaN	NaN	NaN	NaN	NaN	NaN	NaN
7.526673726E-4	5.536703975E-4	4.505658580E-4	4.813490668E-4	6.140142214E-4	7.044291706E-4	5.889994791E-4	4.319358268E-4	4.571403842E-4	5.671830731E-4	NaN	NaN	NaN	NaN	NaN	NaN	NaN	3.015909169E-4	6.268091383E-4	7.100289222E-4	6.319307140E-4	NaN	NaN	NaN	NaN	NaN	NaN	NaN	NaN	NaN	NaN	NaN	NaN	NaN	NaN	NaN	NaN	NaN	NaN	NaN
8.708080859E-4	7.205934380E-4	5.238637677E-4	4.875092709E-4	6.770091131E-4	8.630034281E-4	7.923449739E-4	5.779470666E-4	4.887197865E-4	5.214270204E-4	5.006929277E-4	NaN	NaN	NaN	NaN	NaN	2.161358570E-4	3.616007452E-4	6.098242593E-4	7.696415996E-4	7.045125240E-4	4.583791015E-4	3.220825165E-4	NaN	NaN	NaN	NaN	NaN	NaN	NaN	NaN	NaN	NaN	NaN	NaN	NaN	NaN	NaN	NaN	NaN
8.824901888E-4	8.054159698E-4	5.480610998E-4	3.967971134E-4	5.098067923E-4	7.404094795E-4	7.586887223E-4	5.005268031E-4	3.192064760E-4	3.938026784E-4	4.691137292E-4	NaN	NaN	NaN	NaN	3.388987680E-4	4.182804259E-4	4.823316704E-4	6.517313886E-4	8.633814869E-4	8.731638081E-4	6.433500675E-4	4.560025991E-4	4.050594580E-4	NaN	NaN	NaN	NaN	NaN	NaN	NaN	NaN	NaN	NaN	NaN	NaN	NaN	NaN	NaN	1.101728878E-3
7.632686174E-4	7.523832028E-4	5.534924567E-4	4.224687582E-4	4.307915224E-4	5.698283785E-4	5.964870215E-4	3.296899667E-4	1.138256339E-4	2.073306387E-4	3.526213695E-4	2.862002002E-4	1.448204857E-4	5.924698053E-5	3.416000982E-5	1.816313743E-4	4.426640808E-4	6.452483358E-4	8.043876733E-4	9.525088826E-4	9.841985302E-4	8.594255778E-4	6.359565305E-4	3.490669187E-4	1.552696340E-4	NaN	NaN	NaN	NaN	NaN	NaN	NaN	NaN	NaN	NaN	NaN	NaN	NaN	9.054033435E-4	1.258643460E-3
6.914280821E-4	6.264858530E-4	5.178845604E-4	5.350182764E-4	5.106505705E-4	5.014434573E-4	4.748618812E-4	2.792343148E-4	1.130080564E-4	1.409175893E-4	2.141637960E-4	2.085715823E-4	2.006806317E-4	1.378055022E-4	3.151921192E-6	1.055269167E-4	4.610030446E-4	7.203237619E-4	8.132264484E-4	8.554883534E-4	8.761826903E-4	8.833936299E-4	7.506926195E-4	4.176171497E-4	1.846606756E-4	NaN	NaN	NaN	NaN	NaN	NaN	NaN	NaN	NaN	NaN	NaN	NaN	5.751173594E-4	7.656459929E-4	1.052266336E-3
7.579767844E-4	6.105566281E-4	5.547917099E-4	6.542184274E-4	6.254797336E-4	5.170705845E-4	4.386581422E-4	3.543203929E-4	2.822054958E-4	2.356365439E-4	1.972121827E-4	1.879845513E-4	2.690919791E-4	3.096482542E-4	2.576223342E-4	3.990322293E-4	7.007460226E-4	7.867979002E-4	6.899017608E-4	6.321998662E-4	6.651473232E-4	7.923328667E-4	8.008965524E-4	5.819826038E-4	4.558783839E-4	4.884549999E-4	NaN	NaN	NaN	NaN	NaN	NaN	NaN	NaN	NaN	NaN	4.795927089E-4	4.778229923E-4	5.431753816E-4	7.760796580E-4
7.763331523E-4	6.804890581E-4	6.463403115E-4	6.593859289E-4	5.998172564E-4	4.848697863E-4	3.981052141E-4	4.189497267E-4	4.479525960E-4	3.783433640E-4	2.883068228E-4	2.629792143E-4	3.586413804E-4	4.832722188E-4	5.486032460E-4	6.946399226E-4	9.071558597E-4	9.081582539E-4	6.909785443E-4	4.824743373E-4	4.644911678E-4	6.675603800E-4	7.770050433E-4	6.472272216E-4	5.996459513E-4	6.882519810E-4	5.400254158E-4	NaN	NaN	NaN	NaN	NaN	NaN	NaN	NaN	NaN	6.422162987E-4	4.458281328E-4	3.493127879E-4	4.981685197E-4
8.167944616E-4	7.431987906E-4	6.242836826E-4	4.928684793E-4	4.581662070E-4	4.359234299E-4	3.572694550E-4	4.080111394E-4	5.281124613E-4	5.215218407E-4	4.726799380E-4	4.949999857E-4	5.639898009E-4	6.085178466E-4	6.111606490E-4	6.490177475E-4	8.030267782E-4	9.184485534E-4	7.871975540E-4	5.056960508E-4	4.097591154E-4	5.954350345E-4	7.255529636E-4	6.550072576E-4	6.438910495E-4	7.829594542E-4	7.770704105E-4	5.330180866E-4	4.230350896E-4	NaN	NaN	NaN	NaN	NaN	NaN	8.228491060E-4	7.020217017E-4	3.710181045E-4	1.513845491E-4	1.956651540E-4
9.293497424E-4	7.549033617E-4	5.333203007E-4	4.034330486E-4	4.941754160E-4	5.872352049E-4	4.813101841E-4	4.347848590E-4	5.646916688E-4	6.406257162E-4	6.514010602E-4	7.096635527E-4	6.869646604E-4	5.503082648E-4	4.818917369E-4	5.210489035E-4	6.724974955E-4	8.523169672E-4	8.312504506E-4	6.124580977E-4	4.874379665E-4	5.742002977E-4	6.919525913E-4	7.444284856E-4	8.096224628E-4	9.648681153E-4	1.059161732E-3	9.301597020E-4	8.052536286E-4	7.883513463E-4	NaN	NaN	NaN	NaN	NaN	NaN	NaN	NaN	2.550077807E-5	NaN
9.777296800E-4	7.589447196E-4	5.720729823E-4	5.385075347E-4	6.611990393E-4	7.507902337E-4	6.456272677E-4	5.543853040E-4	6.599210901E-4	7.710129721E-4	8.010421880E-4	7.942956872E-4	6.013339735E-4	3.534315911E-4	3.813419899E-4	5.691439728E-4	7.296489784E-4	8.450184832E-4	8.468918386E-4	6.996066077E-4	5.309403641E-4	5.086419405E-4	6.814869121E-4	9.179706685E-4	1.026398386E-3	1.055141794E-3	1.052148524E-3	9.302187827E-4	7.905068342E-4	6.759598036E-4	4.188960011E-4	NaN	NaN	NaN	NaN	NaN	NaN	NaN	NaN	NaN
9.771111654E-4	7.999841473E-4	7.383312914E-4	7.603932172E-4	7.563122781E-4	7.127184072E-4	6.728918524E-4	7.268855697E-4	8.544902084E-4	9.077233262E-4	9.094535490E-4	8.418861544E-4	5.497512175E-4	3.283599217E-4	4.968717112E-4	7.529545692E-4	8.606997435E-4	9.286562563E-4	9.804945439E-4	8.656039718E-4	5.783558008E-4	4.138687800E-4	6.230184808E-4	9.783321293E-4	1.044679317E-3	8.810193394E-4	7.347046048E-4	6.134746945E-4	5.060311523E-4	3.897443530E-4	2.111329377E-4	6.208812556E-5	NaN	NaN	NaN	NaN	NaN	NaN	NaN	NaN
9.021749138E-4	7.702486473E-4	8.008640725E-4	8.453550399E-4	7.534198230E-4	6.132643321E-4	6.352232886E-4	8.554736269E-4	9.837425314E-4	8.821947267E-4	8.255676366E-4	8.178313146E-4	6.067593931E-4	4.818353045E-4	7.025327650E-4	9.243918466E-4	9.915628470E-4	1.075386885E-3	1.155249891E-3	1.005337224E-3	6.202160148E-4	3.490841773E-4	4.759846779E-4	7.699531852E-4	7.747769123E-4	5.604990292E-4	4.116001655E-4	3.322573612E-4	2.504272270E-4	1.696498657E-4	1.438369218E-4	1.365299104E-4	NaN	NaN	NaN	NaN	NaN	NaN	NaN	NaN
7.481159410E-4	6.775757065E-4	6.681268569E-4	6.610408891E-4	5.936810630E-4	5.115122767E-4	6.015623221E-4	8.800759097E-4	9.678921197E-4	7.765297778E-4	7.228416507E-4	8.105994784E-4	7.128413999E-4	6.433321978E-4	8.012288017E-4	9.359069518E-4	1.018477837E-3	1.144085312E-3	1.178908511E-3	9.875721298E-4	6.742666592E-4	4.577678046E-4	4.355589044E-4	5.001178943E-4	4.570707679E-4	3.461216111E-4	2.752277360E-4	2.288862015E-4	1.989144657E-4	2.066946909E-4	2.766517282E-4	3.078781301E-4	NaN	NaN	NaN	NaN	NaN	NaN	NaN	1.938049245E-4
7.289287751E-4	6.869632052E-4	4.874773149E-4	3.478623985E-4	3.453532408E-4	4.077554331E-4	5.981734721E-4	8.817759808E-4	9.465423063E-4	7.997968351E-4	7.774570840E-4	8.226536447E-4	7.427960518E-4	7.332665846E-4	8.019109373E-4	7.868615212E-4	8.792042499E-4	1.095187850E-3	1.166063477E-3	1.045271289E-3	8.854687912E-4	7.431824924E-4	5.545627209E-4	3.743090201E-4	3.197879705E-4	3.655852925E-4	3.810206254E-4	3.538787714E-4	3.813864605E-4	4.489208222E-4	4.625282891E-4	3.950709943E-4	NaN	NaN	NaN	NaN	NaN	NaN	3.599233751E-4	4.691055219E-4
7.994556217E-4	7.026172243E-4	3.463128232E-4	1.311298402E-4	1.945876575E-4	3.655333421E-4	6.040767184E-4	8.392742602E-4	8.841406088E-4	8.172641392E-4	7.931021391E-4	7.207397139E-4	6.371708587E-4	7.165792049E-4	7.463589427E-4	6.366878515E-4	7.594737690E-4	1.074331114E-3	1.230363618E-3	1.204821980E-3	1.130471472E-3	1.004929538E-3	7.275402313E-4	4.417956807E-4	4.183750134E-4	5.636084243E-4	6.043922040E-4	5.515802768E-4	5.863704719E-4	6.626699469E-4	5.693320418E-4	3.754455538E-4	2.692122944E-4	NaN	NaN	NaN	NaN	NaN	5.694663269E-4	5.426111748E-4
7.458114997E-4	6.129834219E-4	3.056872520E-4	1.322313910E-4	2.332040895E-4	4.181630793E-4	5.827560090E-4	7.028710679E-4	7.626086590E-4	8.355311584E-4	8.689023671E-4	7.652062923E-4	6.905434420E-4	7.802243927E-4	8.002287359E-4	7.197250379E-4	8.581702714E-4	1.134316437E-3	1.267156913E-3	1.265862491E-3	1.246378641E-3	1.181529718E-3	9.364665602E-4	6.802382413E-4	6.970671238E-4	8.143095183E-4	7.378405426E-4	5.584189203E-4	5.488982424E-4	6.530447863E-4	5.562527804E-4	3.517567820E-4	2.839382214E-4	1.837595628E-4	NaN	NaN	3.743124835E-4	6.689907750E-4	6.564867799E-4	5.241607432E-4
6.013034726E-4	5.567381158E-4	4.348381190E-4	3.784934815E-4	4.976203782E-4	5.935826921E-4	5.821538507E-4	5.942254793E-4	7.646845188E-4	1.063392498E-3	1.216450939E-3	1.117524342E-3	9.903913597E-4	9.776430670E-4	9.487105417E-4	8.572723018E-4	8.796406910E-4	1.013148692E-3	1.102342969E-3	1.105461386E-3	1.118068001E-3	1.122170710E-3	9.620088385E-4	8.197795250E-4	9.051359375E-4	9.626647225E-4	7.832125993E-4	5.315772141E-4	4.714535316E-4	5.608483334E-4	4.959222279E-4	3.574007424E-4	3.633752640E-4	2.983600716E-4	9.281659732E-5	7.338255091E-5	3.560837358E-4	6.291919854E-4	6.676813937E-4	5.998373381E-4
4.575961793E-4	5.677943118E-4	5.924133002E-4	6.288312725E-4	7.246994064E-4	6.636462640E-4	4.730829387E-4	4.465965612E-4	7.547177374E-4	1.227218425E-3	1.447360730E-3	1.318660099E-3	1.113609527E-3	9.958593873E-4	8.594287210E-4	6.202021032E-4	4.886300303E-4	6.037895801E-4	7.632320048E-4	7.656487287E-4	7.326592458E-4	7.514654426E-4	7.141400711E-4	7.796983118E-4	9.998632595E-4	1.047248021E-3	8.738062461E-4	6.959706079E-4	6.337614032E-4	6.576234591E-4	5.811309675E-4	4.450511187E-4	4.487016995E-4	4.348430375E-4	2.708304382E-4	2.003861591E-4	3.839565616E-4	5.993710365E-4	6.501660682E-4	6.000123103E-4
3.325117286E-4	5.350304418E-4	6.301162066E-4	6.813190994E-4	7.079325733E-4	5.470343167E-4	2.792492451E-4	2.150989749E-4	4.984757397E-4	9.170761332E-4	1.084800228E-3	9.528635419E-4	7.811371470E-4	6.946916110E-4	5.372045562E-4	2.261957561E-4	7.901336357E-5	2.681662736E-4	4.751771630E-4	4.292479425E-4	2.974011295E-4	2.748253755E-4	3.567137173E-4	6.503835320E-4	1.035999623E-3	1.143303933E-3	1.035658759E-3	9.622014477E-4	9.230006253E-4	8.804288809E-4	7.571862079E-4	5.746347597E-4	5.294492585E-4	5.244152853E-4	3.847292974E-4	3.272416943E-4	5.027011503E-4	6.337218801E-4	5.505608278E-4	3.887097700E-4
1.595778012E-4	3.763004497E-4	5.518864491E-4	6.511167157E-4	6.966427900E-4	5.909329630E-4	3.462693712E-4	1.810639806E-4	2.249573299E-4	3.462673048E-4	3.569577239E-4	2.742244396E-4	2.241225156E-4	2.467458253E-4	2.205191995E-4	8.394785254E-5	3.922148244E-5	1.637637761E-4	2.578071435E-4	1.542029058E-4	NaN	NaN	2.449332715E-5	4.563992552E-4	9.314749041E-4	1.158768777E-3	1.205941197E-3	1.218981110E-3	1.151459990E-3	1.005004393E-3	7.797806174E-4	5.437197979E-4	4.811902181E-4	4.378903541E-4	2.607304486E-4	2.752504952E-4	5.377978669E-4	6.045382470E-4	4.063454107E-4	2.108320186E-4
2.907415183E-5	2.432086621E-4	4.207165912E-4	5.633659894E-4	7.022785721E-4	6.996325101E-4	5.349578569E-4	3.423559247E-4	1.435271115E-4	NaN	NaN	NaN	NaN	NaN	NaN	NaN	NaN	NaN	NaN	NaN	NaN	NaN	NaN	4.093579773E-4	8.443991537E-4	1.125094597E-3	1.268849825E-3	1.265434781E-3	1.098006847E-3	8.710256079E-4	5.854729097E-4	3.102738992E-4	2.534853702E-4	2.361823717E-4	NaN	NaN	3.950037935E-4	4.074560129E-4	2.656465513E-4	1.972197060E-4
1.214794902E-4	3.444660106E-4	3.565443913E-4	3.994495783E-4	5.340153002E-4	5.576974945E-4	5.359435454E-4	4.828582460E-4	1.746982598E-4	NaN	NaN	NaN	NaN	NaN	NaN	NaN	NaN	NaN	NaN	NaN	NaN	NaN	NaN	NaN	7.220560801E-4	1.004035352E-3	1.115210704E-3	1.019284944E-3	7.968614227E-4	5.985975149E-4	3.555317235E-4	7.403710333E-5	2.554372259E-5	NaN	NaN	NaN	NaN	2.895677462E-4	1.930893341E-4	1.970491576E-4
2.220501774E-4	4.395320721E-4	3.408399934E-4	2.758490446E-4	3.288947337E-4	3.677840868E-4	5.213675904E-4	6.185513921E-4	NaN	NaN	NaN	NaN	NaN	NaN	NaN	NaN	NaN	NaN	NaN	NaN	NaN	NaN	NaN	NaN	NaN	NaN	7.986362325E-4	7.147721481E-4	5.798483617E-4	4.643162829E-4	2.640388266E-4	NaN	NaN	NaN	NaN	NaN	NaN	4.218302784E-4	2.064084256E-4	1.371952239E-4
2.762073418E-4	4.455502494E-4	3.499146260E-4	2.465560101E-4	2.649884846E-4	3.907530045E-4	6.270309677E-4	7.130462327E-4	NaN	NaN	NaN	NaN	NaN	NaN	NaN	NaN	NaN	NaN	NaN	NaN	NaN	NaN	NaN	NaN	NaN	NaN	NaN	NaN	NaN	NaN	NaN	NaN	NaN	NaN	NaN	NaN	NaN	5.130048376E-4	2.471949556E-4	1.489366114E-4
5.909733591E-4	6.150038680E-4	4.106299311E-4	2.428472362E-4	2.855337807E-4	5.012740730E-4	6.833312800E-4	6.722700200E-4	NaN	NaN	NaN	NaN	NaN	NaN	NaN	NaN	NaN	NaN	NaN	NaN	NaN	NaN	NaN	NaN	NaN	NaN	NaN	NaN	NaN	NaN	NaN	NaN	NaN	NaN	NaN	NaN	NaN	4.784965422E-4	3.480761079E-4	3.265858395E-4
9.032558883E-4	6.680483348E-4	3.152977151E-4	1.714177779E-4	2.873777121E-4	5.166672636E-4	6.082758773E-4	5.588996573E-4	5.245406064E-4	NaN	NaN	NaN	NaN	NaN	NaN	NaN	NaN	NaN	NaN	NaN	NaN	NaN	NaN	NaN	NaN	NaN	NaN	NaN	NaN	NaN	NaN	NaN	NaN	NaN	NaN	NaN	NaN	4.188833700E-4	3.932429245E-4	4.632956698E-4
8.388375281E-4	4.291426158E-4	8.037230873E-5	5.263316052E-5	2.276325686E-4	4.411635746E-4	4.990407033E-4	4.390170507E-4	4.370631359E-4	NaN	NaN	NaN	NaN	NaN	NaN	NaN	NaN	NaN	NaN	NaN	NaN	NaN	NaN	NaN	NaN	NaN	NaN	NaN	NaN	NaN	NaN	NaN	NaN	NaN	NaN	NaN	3.812685027E-4	3.306417784E-4	3.168400144E-4	4.375746066E-4
6.870845682E-4	3.599640622E-4	1.129899538E-4	8.625214105E-5	1.842921338E-4	3.596536117E-4	4.314947000E-4	3.655753972E-4	3.277419892E-4	4.054409219E-4	NaN	NaN	NaN	NaN	NaN	NaN	NaN	NaN	NaN	NaN	NaN	NaN	NaN	NaN	NaN	NaN	NaN	NaN	NaN	NaN	NaN	NaN	NaN	NaN	NaN	NaN	3.072684922E-4	3.410691279E-4	3.641598159E-4	4.469386186E-4
6.458628341E-4	5.180414882E-4	4.356059653E-4	3.905626945E-4	3.275320341E-4	3.428558994E-4	3.638108610E-4	3.322790144E-4	2.929863404E-4	2.831012243E-4	NaN	NaN	NaN	NaN	NaN	NaN	NaN	NaN	NaN	NaN	NaN	NaN	NaN	NaN	NaN	NaN	NaN	NaN	NaN	NaN	NaN	NaN	NaN	NaN	NaN	8.048229938E-5	2.938190300E-4	4.482497752E-4	5.296831951E-4	5.336496397E-4
6.106430665E-4	5.701919436E-4	6.598589825E-4	6.897205603E-4	5.112626823E-4	3.139442415E-4	2.192971442E-4	2.091130009E-4	1.965853880E-4	1.716320257E-4	NaN	NaN	NaN	NaN	NaN	NaN	NaN	NaN	NaN	NaN	NaN	NaN	NaN	NaN	NaN	NaN	NaN	NaN	NaN	NaN	NaN	7.628991734E-4	4.480622883E-4	1.026556856E-4	NaN	8.324583177E-5	2.731006243E-4	4.597854277E-4	6.116931909E-4	6.218297640E-4
5.753549631E-4	5.191819509E-4	6.620608037E-4	7.081715157E-4	4.771626263E-4	2.350228315E-4	1.293654641E-4	7.635642396E-5	4.397435259E-5	1.159164312E-4	NaN	NaN	NaN	NaN	NaN	NaN	NaN	NaN	6.199532072E-4	8.533364162E-4	7.770393859E-4	5.085092271E-4	NaN	NaN	NaN	NaN	NaN	NaN	NaN	NaN	6.049515214E-4	6.668885471E-4	5.154719111E-4	1.746184716E-4	NaN	5.226083886E-5	2.306018141E-4	4.157104413E-4	6.028595380E-4	6.421667640E-4
5.938739632E-4	5.282080965E-4	6.355156074E-4	6.082795444E-4	3.656611952E-4	2.536977408E-4	2.664381755E-4	1.565675921E-4	4.547524441E-5	1.630201004E-4	3.035734408E-4	NaN	NaN	NaN	NaN	NaN	NaN	NaN	8.246976067E-4	8.463659324E-4	7.565207197E-4	6.177477189E-4	5.803544773E-4	7.145036943E-4	NaN	NaN	NaN	NaN	NaN	1.069211430E-4	4.163900448E-4	5.960058770E-4	5.567874759E-4	2.553364611E-4	7.241278217E-5	2.121160942E-4	3.917293216E-4	5.029626773E-4	5.739039043E-4	5.256771110E-4
6.600492052E-4	5.544967134E-4	6.488487707E-4	6.032527308E-4	3.920439631E-4	4.021159548E-4	5.170518416E-4	4.232727224E-4	2.968269109E-4	3.549283138E-4	4.082926898E-4	3.066505014E-4	NaN	NaN	NaN	NaN	NaN	NaN	7.924850215E-4	7.399292663E-4	6.676173070E-4	5.827349378E-4	5.639450392E-4	6.495196722E-4	7.482501678E-4	7.484299131E-4	4.581012181E-4	1.254533800E-5	NaN	2.417585347E-4	4.285110044E-4	4.929434508E-4	4.578568041E-4	2.800149960E-4	2.629330847E-4	5.102335126E-4	7.036863244E-4	7.243651780E-4	6.477871793E-4	4.911283613E-4
6.929514930E-4	5.143960589E-4	6.663603126E-4	6.961397594E-4	5.286344094E-4	5.525427987E-4	6.797344540E-4	6.843698211E-4	6.969193346E-4	7.478018524E-4	6.451064837E-4	3.853205999E-4	NaN	NaN	NaN	NaN	NaN	NaN	5.408288562E-4	5.811595474E-4	5.207374343E-4	4.216295783E-4	4.343136097E-4	4.811228137E-4	4.587123403E-4	4.911370343E-4	4.488665436E-4	2.478600363E-4	2.605375194E-4	4.633736680E-4	4.932438023E-4	4.367286165E-4	4.185989092E-4	3.705713607E-4	4.303809255E-4	6.834953092E-4	8.996535907E-4	9.372367640E-4	8.613711107E-4	6.980228936E-4
6.777324597E-4	4.762677127E-4	6.943494664E-4	7.982905372E-4	6.675531622E-4	6.395349628E-4	7.012351416E-4	7.846817607E-4	9.654855239E-4	1.073207939E-3	8.752750000E-4	4.748832434E-4	1.034831221E-4	NaN	NaN	NaN	NaN	NaN	NaN	4.743195896E-4	4.026662209E-4	3.224449174E-4	4.480001517E-4	5.348902196E-4	4.175231152E-4	4.239837581E-4	5.455669598E-4	4.987097345E-4	4.378772865E-4	4.676504468E-4	4.496833135E-4	4.532999592E-4	5.542561994E-4	6.370567135E-4	6.861070287E-4	8.093585493E-4	9.588401299E-4	1.044603996E-3	1.064323587E-3	9.448552155E-4
6.285142154E-4	4.404983192E-4	6.296325009E-4	7.702001603E-4	7.449153345E-4	7.095730398E-4	6.857981789E-4	7.872038987E-4	1.032151165E-3	1.117467182E-3	9.050705121E-4	6.080407184E-4	3.479472070E-4	NaN	NaN	NaN	NaN	NaN	NaN	NaN	3.766406444E-4	3.032198874E-4	4.646338930E-4	6.045210757E-4	5.029864260E-4	4.717618285E-4	5.995946121E-4	5.897812080E-4	4.570873571E-4	3.814057272E-4	4.084416141E-4	5.319968332E-4	6.920613232E-4	8.049580501E-4	8.631229866E-4	9.178780019E-4	9.752387414E-4	1.063256990E-3	1.153200166E-3	1.057504793E-3
5.350326537E-4	3.660196089E-4	4.638232931E-4	6.215767935E-4	7.328688516E-4	7.550191367E-4	7.330833469E-4	8.770911954E-4	1.094331965E-3	1.042962074E-3	7.993270410E-4	6.764153950E-4	5.677414010E-4	2.611645614E-4	NaN	NaN	NaN	NaN	NaN	NaN	NaN	2.382709208E-4	3.099433379E-4	4.457948962E-4	4.626725276E-4	5.263149505E-4	6.852131919E-4	7.016626187E-4	5.874718190E-4	5.185693153E-4	5.967083271E-4	7.802399341E-4	8.794928435E-4	8.518365794E-4	8.783865487E-4	9.932349203E-4	1.047164551E-3	1.083423616E-3	1.135100145E-3	1.000885852E-3
4.104092368E-4	2.792802989E-4	3.424996394E-4	5.226861686E-4	6.913969410E-4	7.624315913E-4	8.233325207E-4	1.020263415E-3	1.160074607E-3	9.910982335E-4	7.243340951E-4	6.556819426E-4	5.975242821E-4	3.313565394E-4	NaN	NaN	NaN	NaN	NaN	NaN	NaN	2.219926828E-4	1.990175660E-4	2.989618224E-4	4.568898003E-4	7.143056719E-4	9.319145465E-4	9.054033435E-4	7.705250173E-4	6.878582644E-4	7.315111579E-4	9.147783858E-4	1.012543333E-3	9.184031514E-4	9.285207489E-4	1.120512723E-3	1.175659592E-3	1.085484517E-3	1.006796258E-3	8.136807592E-4
3.455292026E-4	2.395459887E-4	3.274791234E-4	5.293578724E-4	6.628233823E-4	7.287517656E-4	8.654645062E-4	1.085383468E-3	1.178602688E-3	1.043820870E-3	8.586407057E-4	7.799265441E-4	7.005118532E-4	5.305028753E-4	NaN	NaN	NaN	NaN	NaN	NaN	NaN	3.014813410E-4	2.650883689E-4	3.720879322E-4	5.989134079E-4	9.087622166E-4	1.033221488E-3	8.754761657E-4	7.221885026E-4	6.597721949E-4	6.316903746E-4	7.190448232E-4	8.468074375E-4	8.622301975E-4	9.418818518E-4	1.138413558E-3	1.146089053E-3	9.669795982E-4	7.952302694E-4	5.761800567E-4
4.985982669E-4	3.626866674E-4	4.226291203E-4	5.544218002E-4	5.565743195E-4	5.660827737E-4	7.558960933E-4	9.940321324E-4	1.076236833E-3	1.036425820E-3	9.938710136E-4	9.679596405E-4	9.151289123E-4	8.239725721E-4	NaN	NaN	NaN	NaN	NaN	NaN	NaN	NaN	3.523954074E-4	5.116792745E-4	7.029034896E-4	8.918276289E-4	8.481134428E-4	6.295652711E-4	5.925704027E-4	6.808546605E-4	6.376288366E-4	5.624754122E-4	6.397441030E-4	7.633486530E-4	8.789094281E-4	9.648217820E-4	8.953369106E-4	7.392532425E-4	5.672979169E-4	3.258980578E-4
7.495739264E-4	6.078459555E-4	5.960399285E-4	5.993315135E-4	4.888715339E-4	4.869707045E-4	7.003530627E-4	8.763319347E-4	8.779007476E-4	8.688183734E-4	9.387271130E-4	1.019084011E-3	1.032995642E-3	NaN	NaN	NaN	NaN	NaN	NaN	NaN	NaN	NaN	3.520390310E-4	5.782088847E-4	7.084762910E-4	7.709304336E-4	6.576922606E-4	4.964680411E-4	5.758761545E-4	7.452210411E-4	7.050072309E-4	5.748244585E-4	6.381397252E-4	7.863953942E-4	8.514809888E-4	8.198049618E-4	7.030551787E-4	6.051200326E-4	4.883001675E-4	2.341221407E-4
8.477915544E-4	8.135204553E-4	7.981813978E-4	7.314929389E-4	6.063001347E-4	6.605712115E-4	8.679253515E-4	9.112777188E-4	8.023994160E-4	8.043711423E-4	9.056497947E-4	9.730718448E-4	9.224070818E-4	NaN	NaN	NaN	NaN	NaN	NaN	NaN	NaN	NaN	4.055300087E-4	6.877381238E-4	7.846129593E-4	7.354668342E-4	5.943547003E-4	5.270643160E-4	6.203749217E-4	6.821263232E-4	6.120695616E-4	5.751752760E-4	6.987780798E-4	7.998561487E-4	7.959675277E-4	7.705839234E-4	7.145226118E-4	6.779122050E-4	6.369644543E-4	4.204837314E-4
8.043998387E-4	8.667549700E-4	8.707038942E-4	7.691554492E-4	6.209061248E-4	6.900572916E-4	9.166274103E-4	9.137607994E-4	7.423472125E-4	7.241195999E-4	7.750260993E-4	7.375638816E-4	NaN	NaN	NaN	NaN	NaN	NaN	NaN	NaN	NaN	NaN	5.931663909E-4	8.264417993E-4	8.762834477E-4	7.543721003E-4	6.190174608E-4	6.666965201E-4	7.482333458E-4	6.584473304E-4	5.702463677E-4	6.353157805E-4	7.522484520E-4	7.527095731E-4	6.940715248E-4	6.977943121E-4	6.989198155E-4	6.966879591E-4	7.189252647E-4	6.043740432E-4
6.451471127E-4	6.942740874E-4	7.060270291E-4	6.493600667E-4	5.148259806E-4	5.616820417E-4	8.060846012E-4	8.069602773E-4	5.670193932E-4	4.442895879E-4	4.142286198E-4	NaN	NaN	NaN	NaN	NaN	NaN	NaN	NaN	NaN	NaN	NaN	7.568477304E-4	8.441520622E-4	8.446608554E-4	7.866650703E-4	7.563342224E-4	8.891288890E-4	9.216532926E-4	7.411180413E-4	6.975681754E-4	8.073157514E-4	8.327876567E-4	7.542407839E-4	6.810504128E-4	6.538872840E-4	6.115426659E-4	5.713336286E-4	5.851219175E-4	5.568366032E-4
4.945605760E-4	5.294800503E-4	5.836759810E-4	6.434700335E-4	5.818342906E-4	6.117622252E-4	7.918083575E-4	7.033647853E-4	3.571692796E-4	9.710224549E-5	NaN	NaN	NaN	NaN	NaN	NaN	NaN	NaN	NaN	NaN	NaN	NaN	8.294794243E-4	8.352008299E-4	8.357128827E-4	8.590216748E-4	8.873108891E-4	1.009114436E-3	9.755741921E-4	7.776343264E-4	7.855503354E-4	8.792758454E-4	8.249696111E-4	7.499036146E-4	7.199611864E-4	6.874217070E-4	6.375984522E-4	5.789361312E-4	5.039428361E-4	4.101789964E-4
5.526923342E-4	5.896613002E-4	6.197752664E-4	6.615209277E-4	6.044865004E-4	6.555481814E-4	7.910241839E-4	6.147002568E-4	1.910989522E-4	NaN	NaN	NaN	NaN	NaN	NaN	NaN	NaN	NaN	NaN	NaN	NaN	NaN	7.923666853E-4	8.068270399E-4	8.301475318E-4	8.106970927E-4	7.595470524E-4	8.375628386E-4	8.263597265E-4	6.778159295E-4	6.735906936E-4	7.033171714E-4	6.273654290E-4	6.101485924E-4	6.386417081E-4	6.364820874E-4	6.716589560E-4	7.055434398E-4	5.718069733E-4	3.262243990E-4
6.767745945E-4	6.715403288E-4	5.729419645E-4	5.111460341E-4	5.098170950E-4	6.882696180E-4	8.582485025E-4	6.771952030E-4	2.432705369E-4	NaN	NaN	NaN	NaN	NaN	NaN	NaN	NaN	NaN	NaN	NaN	NaN	NaN	6.226978730E-4	6.051416276E-4	6.042001187E-4	5.356767215E-4	4.466138198E-4	5.152511876E-4	5.664108321E-4	4.698902194E-4	3.925331985E-4	3.612982400E-4	3.325022699E-4	3.985689254E-4	4.935075413E-4	5.086886813E-4	5.620735465E-4	6.562279887E-4	5.457903608E-4	2.823035757E-4
6.865301402E-4	6.778048119E-4	5.067683524E-4	4.284289316E-4	5.790598225E-4	8.748191176E-4	1.027636230E-3	8.429778391E-4	4.416384618E-4	NaN	NaN	NaN	NaN	NaN	NaN	NaN	NaN	NaN	NaN	NaN	NaN	NaN	4.414607538E-4	3.697700158E-4	3.434037790E-4	3.378077527E-4	3.315474896E-4	3.816127137E-4	4.281974689E-4	3.294045455E-4	1.217055615E-4	2.200340532E-5	9.417930414E-5	2.776703332E-4	4.570758028E-4	4.938406637E-4	4.833077546E-4	5.182899768E-4	4.325847258E-4	2.761398500E-4
6.421360886E-4	7.282891893E-4	5.989920464E-4	4.945324617E-4	6.272044266E-4	8.664727211E-4	9.782058187E-4	8.366463589E-4	5.131697981E-4	2.055684017E-4	NaN	NaN	NaN	NaN	NaN	NaN	NaN	NaN	NaN	NaN	NaN	3.695148334E-4	4.315628030E-4	4.344511835E-4	4.726475454E-4	5.382117815E-4	5.577841075E-4	5.105228047E-4	4.843158531E-4	3.656907356E-4	5.553223309E-5	NaN	1.169975803E-4	4.318777064E-4	6.205117097E-4	6.255776389E-4	5.948849721E-4	6.032752572E-4	4.978551879E-4	3.624141100E-4
6.193757872E-4	8.050994948E-4	7.290369249E-4	5.296577001E-4	4.667121102E-4	5.835008924E-4	7.638272946E-4	7.642983110E-4	5.210866220E-4	3.100613249E-4	3.550853871E-4	NaN	NaN	NaN	NaN	NaN	NaN	NaN	NaN	NaN	NaN	4.875652376E-4	6.023180904E-4	7.298615528E-4	8.596561966E-4	9.317618096E-4	8.731493726E-4	6.889118231E-4	5.698947352E-4	4.735471157E-4	2.224332711E-4	1.254473464E-4	4.377408477E-4	8.110365598E-4	8.954716614E-4	7.888108958E-4	7.736335392E-4	8.158044657E-4	6.556155859E-4	4.204306751E-4
6.346867885E-4	7.771794917E-4	7.020245539E-4	4.772885586E-4	3.192702134E-4	4.119241785E-4	6.995371659E-4	8.314159350E-4	6.467591156E-4	4.408653476E-4	5.058587412E-4	6.577291060E-4	NaN	NaN	NaN	NaN	NaN	NaN	NaN	NaN	NaN	5.641815951E-4	6.753380294E-4	8.010577294E-4	9.712298051E-4	1.070040162E-3	9.908914799E-4	7.702306611E-4	6.226978730E-4	6.016902043E-4	5.236633588E-4	5.117100663E-4	7.974273758E-4	1.089173835E-3	1.061071875E-3	9.024052415E-4	8.858955116E-4	9.062949684E-4	7.189915050E-4	4.555290216E-4
6.957392325E-4	6.428334746E-4	5.452381447E-4	4.136132193E-4	3.452577512E-4	4.697104159E-4	6.958852173E-4	7.892641588E-4	6.870047655E-4	5.555599346E-4	5.602033343E-4	5.666448269E-4	3.873799578E-4	NaN	NaN	NaN	NaN	NaN	NaN	NaN	NaN	5.376423360E-4	5.889147287E-4	6.237645866E-4	7.771254750E-4	9.323355625E-4	9.519376908E-4	8.277107263E-4	7.028440014E-4	7.107877173E-4	7.278195117E-4	7.456670864E-4	9.532209951E-4	1.135097584E-3	1.059293281E-3	9.390796185E-4	9.052565438E-4	8.643388283E-4	7.453584112E-4	5.967734032E-4
7.375441492E-4	5.265554646E-4	4.109275469E-4	3.716120555E-4	4.356333811E-4	5.719469627E-4	6.053230609E-4	5.609353539E-4	6.066778442E-4	6.916114362E-4	6.826561876E-4	5.278862081E-4	3.271083115E-4	2.381226077E-4	NaN	NaN	NaN	NaN	NaN	NaN	3.334558860E-4	5.838030484E-4	6.426061154E-4	6.152334390E-4	6.916582352E-4	8.582810406E-4	9.765132563E-4	9.137406596E-4	7.544821710E-4	7.134784828E-4	7.049058913E-4	6.840460119E-4	8.655004785E-4	1.052226173E-3	9.939884767E-4	9.023291641E-4	8.554725791E-4	7.864237414E-4	7.517972263E-4	7.178473170E-4
7.061364013E-4	5.238156882E-4	4.153920454E-4	3.868531494E-4	4.842801427E-4	6.073195254E-4	5.711817648E-4	5.480200634E-4	7.735983818E-4	1.015891205E-3	9.958291193E-4	7.507129922E-4	5.410877638E-4	5.244722124E-4	4.591636243E-4	NaN	NaN	NaN	NaN	NaN	3.340100229E-4	6.351905176E-4	7.962527452E-4	7.911033463E-4	7.996207569E-4	9.568243404E-4	1.110800309E-3	1.008614316E-3	7.825763314E-4	7.159993984E-4	6.687209825E-4	5.819508224E-4	7.596433861E-4	1.028119936E-3	1.020565396E-3	9.107016958E-4	8.527125465E-4	7.727947086E-4	7.327218191E-4	7.366193458E-4
6.930562668E-4	6.784173893E-4	6.425398169E-4	5.843011895E-4	5.935208173E-4	6.639354397E-4	6.967735826E-4	7.919422933E-4	1.022423152E-3	1.160776592E-3	1.122851274E-3	9.816559032E-4	8.444903651E-4	8.333938313E-4	7.406120421E-4	3.395861713E-4	NaN	NaN	NaN	1.682081056E-4	3.597284667E-4	5.825478001E-4	7.817867445E-4	8.158911369E-4	7.963178796E-4	9.619821212E-4	1.177386381E-3	1.104942756E-3	8.881516405E-4	8.122231811E-4	7.138718502E-4	5.754125887E-4	7.343086181E-4	1.039021998E-3	1.063841046E-3	9.126266814E-4	8.381187217E-4	7.894079317E-4	7.385642966E-4	7.314528921E-4
7.792480174E-4	9.017199045E-4	9.440982831E-4	8.685222710E-4	7.832305855E-4	7.955101319E-4	8.867669385E-4	1.000878867E-3	1.027773018E-3	9.259311482E-4	9.444734314E-4	1.090628677E-3	1.116944128E-3	1.041257521E-3	8.543743170E-4	4.795476270E-4	1.088588833E-4	3.196458010E-6	1.757738210E-4	3.748846066E-4	4.620172840E-4	5.507416790E-4	6.606126553E-4	6.603057845E-4	5.902523408E-4	7.314289105E-4	1.020216383E-3	1.052220119E-3	8.909157477E-4	7.771620876E-4	6.010565558E-4	4.477043985E-4	5.777176120E-4	8.211287786E-4	8.525276207E-4	7.221768028E-4	6.812838255E-4	7.422215422E-4	7.716426626E-4	7.448011893E-4
8.761000354E-4	1.000953140E-3	1.046707854E-3	1.016851282E-3	9.459563880E-4	9.163638460E-4	9.947858052E-4	1.080137677E-3	9.581467020E-4	7.222645218E-4	7.961845258E-4	1.119681750E-3	1.249669702E-3	1.115883468E-3	8.398713544E-4	5.257827579E-4	3.144786460E-4	2.355932374E-4	2.514997032E-4	3.318281379E-4	4.463077348E-4	5.616129492E-4	6.378393155E-4	6.163774524E-4	5.036038929E-4	5.565281026E-4	7.933934103E-4	8.421915700E-4	7.351579843E-4	6.250750739E-4	4.037755134E-4	2.679862955E-4	3.804224543E-4	5.185668124E-4	5.611566012E-4	5.563331069E-4	5.922158016E-4	6.921834429E-4	7.657039678E-4	7.567873690E-4
8.450230816E-4	8.712194394E-4	8.421978564E-4	8.933711215E-4	9.079019655E-4	8.374843164E-4	8.502035053E-4	9.126632940E-4	7.997161010E-4	6.151568377E-4	6.979188765E-4	9.458678542E-4	1.047791797E-3	9.850757197E-4	7.949803257E-4	5.690202233E-4	4.593612684E-4	3.774758079E-4	2.202801843E-4	1.439564367E-4	2.953904623E-4	5.469872267E-4	7.178525557E-4	7.705224562E-4	6.996394368E-4	6.560373586E-4	7.147929282E-4	7.076829206E-4	7.031118148E-4	6.765851867E-4	4.394623684E-4	2.850751334E-4	3.729121236E-4	4.527481215E-4	5.271182163E-4	6.361196865E-4	6.807109457E-4	6.586794043E-4	6.478292635E-4	6.663348759E-4
7.474523736E-4	6.229866412E-4	4.798127047E-4	5.688987439E-4	6.565688527E-4	5.977922701E-4	5.783749511E-4	5.818380741E-4	4.883315414E-4	4.680449492E-4	6.244784454E-4	7.268356858E-4	7.184869028E-4	7.384244818E-4	7.029157714E-4	5.814821925E-4	5.120116402E-4	4.354198172E-4	2.581104636E-4	1.223997533E-4	2.237933513E-4	5.054920330E-4	7.454466540E-4	8.838672074E-4	9.140313487E-4	8.451889735E-4	7.664959412E-4	7.268930785E-4	7.916108589E-4	8.193395333E-4	6.034513935E-4	4.200237745E-4	4.657219106E-4	5.581501755E-4	6.810498890E-4	8.042293484E-4	7.733161910E-4	6.260005757E-4	5.464752321E-4	5.491020274E-4
7.432154380E-4	4.646567104E-4	2.781093644E-4	4.220746050E-4	5.885185674E-4	6.161008496E-4	6.185002276E-4	5.195473786E-4	3.555092262E-4	4.380193714E-4	6.563289207E-4	6.494328845E-4	5.537403049E-4	5.753681180E-4	5.901822005E-4	5.348455161E-4	4.628002353E-4	3.765255969E-4	2.967884648E-4	2.408843284E-4	2.836436033E-4	4.937421763E-4	7.217131788E-4	8.629804943E-4	9.198139887E-4	8.832760504E-4	8.491616463E-4	8.541494026E-4	8.546597674E-4	8.208862855E-4	6.876872503E-4	5.608795327E-4	5.774421152E-4	6.695025368E-4	7.929056883E-4	8.729326073E-4	7.714364910E-4	5.861580721E-4	5.319953198E-4	5.063930294E-4
7.872289279E-4	4.304606700E-4	3.403703449E-4	5.988257471E-4	8.552706568E-4	9.948617080E-4	1.028830884E-3	8.404083201E-4	5.975473323E-4	6.605102099E-4	7.770639495E-4	6.266027922E-4	5.132916849E-4	5.753458245E-4	6.329210009E-4	6.256427150E-4	5.327928811E-4	4.094935139E-4	3.850371577E-4	4.105292028E-4	4.430823901E-4	5.884052953E-4	7.639331743E-4	8.239112794E-4	7.957285270E-4	8.005039999E-4	9.239980136E-4	9.984167991E-4	8.842776297E-4	7.562365499E-4	6.940401508E-4	6.436217809E-4	6.493115216E-4	6.888887146E-4	7.217333768E-4	7.400870672E-4	6.289075245E-4	4.603812122E-4	4.632273049E-4	4.572627658E-4
7.686361787E-4	4.259285633E-4	5.030347966E-4	8.554654196E-4	1.166429254E-3	1.410614350E-3	1.478722552E-3	1.242816099E-3	9.679385694E-4	9.587766253E-4	8.880617679E-4	5.781912478E-4	4.455960297E-4	5.698126624E-4	7.451772690E-4	8.541465504E-4	7.958366186E-4	6.421554717E-4	5.887242150E-4	6.351540214E-4	6.748393062E-4	7.437731256E-4	8.296384476E-4	8.188860375E-4	7.424510550E-4	8.111713687E-4	1.033425680E-3	1.083750627E-3	8.898230735E-4	7.132955943E-4	6.060926244E-4	4.980820813E-4	4.786036152E-4	5.332985311E-4	5.448497250E-4	5.318009644E-4	4.466219398E-4	3.410072532E-4	4.314902180E-4	NaN
6.658798666E-4	3.917476570E-4	5.944735603E-4	9.816230740E-4	1.317474060E-3	1.617181581E-3	1.685066381E-3	1.436575898E-3	1.181382919E-3	1.107850228E-3	8.934169309E-4	5.165749462E-4	3.567085660E-4	4.440019547E-4	6.817252142E-4	9.454847896E-4	1.003645128E-3	8.498601965E-4	7.453117869E-4	7.844247739E-4	7.973561296E-4	7.744029281E-4	8.241398609E-4	8.591341903E-4	8.137133555E-4	9.033371462E-4	1.120565110E-3	1.124588889E-3	9.333086782E-4	7.502779481E-4	5.170950899E-4	2.348658745E-4	1.439092885E-4	3.000513825E-4	4.472673463E-4	4.664158914E-4	3.838369157E-4	3.240734804E-4	4.879988846E-4	NaN
6.005341420E-4	3.794559452E-4	5.590120563E-4	9.036390693E-4	1.254339237E-3	1.528205932E-3	1.517391298E-3	1.295300783E-3	1.162761007E-3	1.097915228E-3	8.056867518E-4	4.566317657E-4	3.376944514E-4	3.511693212E-4	5.045043654E-4	7.937471964E-4	9.429743513E-4	8.341657813E-4	7.421537885E-4	7.867455133E-4	7.498037885E-4	6.676408229E-4	7.533849566E-4	8.725351072E-4	8.089848561E-4	7.836219738E-4	9.396615205E-4	1.005265163E-3	9.365343140E-4	8.225798374E-4	5.455507780E-4	1.585954451E-4	2.513795516E-5	2.629495575E-4	5.025799619E-4	5.169198266E-4	3.901393793E-4	2.925630251E-4	NaN	NaN
7.056810427E-4	4.577318323E-4	4.481317010E-4	6.738412776E-4	1.052624313E-3	1.292771078E-3	1.173248398E-3	9.675922338E-4	9.842981817E-4	1.001448254E-3	6.928932853E-4	3.585673112E-4	3.018679854E-4	3.340228577E-4	3.824740415E-4	5.381058436E-4	6.694759941E-4	6.484558689E-4	6.674446631E-4	7.663275464E-4	7.137387875E-4	5.906412844E-4	6.366794114E-4	7.169634919E-4	5.822137464E-4	4.567173310E-4	5.938381655E-4	7.546687848E-4	8.004239062E-4	8.024363779E-4	6.456127157E-4	3.604843514E-4	3.291007597E-4	6.001128932E-4	7.416681037E-4	6.397890975E-4	4.512275918E-4	2.610435768E-4	NaN	NaN
8.422926185E-4	5.240510800E-4	3.623414959E-4	5.537136458E-4	1.008138061E-3	1.238707569E-3	1.026427490E-3	7.874570438E-4	8.623009198E-4	9.553038399E-4	6.761206896E-4	3.029441286E-4	2.424709819E-4	3.597075411E-4	4.146731517E-4	4.748566425E-4	5.566356704E-4	5.689612590E-4	6.414838135E-4	7.679287228E-4	7.236990496E-4	5.652864347E-4	5.167509662E-4	5.141496658E-4	3.897791612E-4	3.431939695E-4	5.412041210E-4	6.891108933E-4	6.647148984E-4	6.844947929E-4	7.065746468E-4	6.636001053E-4	7.973490283E-4	1.016002381E-3	9.546540095E-4	7.479630294E-4	5.837882636E-4	3.666981356E-4	NaN	NaN
8.571438957E-4	4.301445151E-4	2.902619890E-4	6.215573521E-4	1.164540881E-3	1.361861941E-3	1.088713529E-3	8.391070296E-4	9.417298716E-4	1.072002924E-3	8.204629994E-4	4.150957684E-4	3.132659185E-4	4.471963621E-4	5.301752244E-4	6.321308319E-4	7.416330045E-4	6.923847832E-4	6.526799989E-4	7.307403139E-4	7.303577149E-4	6.149235996E-4	5.693879211E-4	5.820211372E-4	5.547016044E-4	6.388906040E-4	8.513684734E-4	8.688696544E-4	6.548000965E-4	5.682967603E-4	6.542296032E-4	7.555612247E-4	9.319050005E-4	1.031737891E-3	8.506927988E-4	6.620414206E-4	6.145656807E-4	NaN	NaN	NaN
7.690670318E-4	2.265951625E-4	1.728290372E-4	6.199385389E-4	1.172766672E-3	1.376058091E-3	1.182388980E-3	1.021815930E-3	1.138247899E-3	1.232730341E-3	1.010557171E-3	6.696920609E-4	5.481397966E-4	5.542876897E-4	5.183297326E-4	6.298704538E-4	8.077330422E-4	7.717607077E-4	6.808094331E-4	7.428831887E-4	8.415025659E-4	8.489626343E-4	8.469442837E-4	8.609032375E-4	8.863180992E-4	1.013645553E-3	1.145582064E-3	1.029763836E-3	7.270142087E-4	5.897961673E-4	6.028019707E-4	5.817491328E-4	6.141331396E-4	6.600440829E-4	5.838258658E-4	5.050876061E-4	NaN	NaN	NaN	NaN
6.841675495E-4	1.799005986E-4	1.940921939E-4	5.552980583E-4	9.685766418E-4	1.236201730E-3	1.287175110E-3	1.282598590E-3	1.308688428E-3	1.254499657E-3	1.090500504E-3	9.125876240E-4	8.078743122E-4	6.579154287E-4	4.327242204E-4	4.115288029E-4	5.804594257E-4	7.093613967E-4	7.772037061E-4	8.760537021E-4	1.052617910E-3	1.187692047E-3	1.181737287E-3	1.095780870E-3	1.078491798E-3	1.166260452E-3	1.210779883E-3	1.059908303E-3	8.384106332E-4	8.066052687E-4	7.373323897E-4	4.255426757E-4	1.776547433E-4	1.883160003E-4	3.194525489E-4	NaN	NaN	NaN	NaN	NaN
7.654511719E-4	4.108662542E-4	4.309209762E-4	5.802236847E-4	7.740671281E-4	1.042404445E-3	1.284491387E-3	1.423790352E-3	1.386974007E-3	1.228353940E-3	1.103223534E-3	9.914195398E-4	8.645310299E-4	6.758148083E-4	4.074901808E-4	2.507509198E-4	3.320135002E-4	6.040887674E-4	8.283393690E-4	9.248489514E-4	1.151890028E-3	1.458462444E-3	1.538909157E-3	NaN	NaN	NaN	1.238668454E-3	1.149745309E-3	1.076741843E-3	1.150725991E-3	1.006312668E-3	4.536854685E-4	NaN	NaN	NaN	NaN	NaN	NaN	NaN	NaN
9.568764362E-4	6.714569754E-4	6.198000629E-4	6.103014457E-4	6.718164077E-4	8.655457641E-4	1.118449843E-3	1.353305532E-3	1.405180898E-3	1.285813050E-3	1.142322668E-3	9.468008648E-4	7.481491775E-4	6.068335497E-4	4.327212519E-4	2.433278132E-4	2.430534660E-4	5.128367920E-4	7.401217008E-4	8.281776099E-4	1.124087372E-3	1.595499460E-3	NaN	NaN	NaN	NaN	NaN	1.373429201E-3	1.375794876E-3	1.395450672E-3	1.137046027E-3	5.299105542E-4	NaN	NaN	NaN	NaN	NaN	NaN	NaN	NaN
1.050344203E-3	7.692591753E-4	6.599836634E-4	5.900576944E-4	6.104841013E-4	7.355622947E-4	9.490385419E-4	1.234963536E-3	1.359409303E-3	1.277650008E-3	1.151540084E-3	9.758503293E-4	7.894714363E-4	6.866769399E-4	5.717164022E-4	3.769580217E-4	3.219438076E-4	4.961824743E-4	6.512532709E-4	7.795419078E-4	1.102215378E-3	1.560242730E-3	NaN	NaN	NaN	NaN	NaN	NaN	1.480811508E-3	1.387993339E-3	1.066264347E-3	5.677806330E-4	1.334150875E-4	NaN	NaN	NaN	NaN	NaN	NaN	NaN
1.045672223E-3	7.563705440E-4	5.848106812E-4	4.627526505E-4	4.455637536E-4	5.154293613E-4	7.117794012E-4	1.031736261E-3	1.199877006E-3	1.202223822E-3	1.217206358E-3	1.177381258E-3	1.043564058E-3	9.349555476E-4	8.089973708E-4	6.027100608E-4	5.392489256E-4	6.349260220E-4	6.929214578E-4	7.988270372E-4	1.047260594E-3	1.384491683E-3	NaN	NaN	NaN	NaN	NaN	NaN	1.417760970E-3	1.332337968E-3	1.026032842E-3	6.124632782E-4	2.674590505E-4	NaN	NaN	NaN	NaN	NaN	NaN	NaN
9.881487349E-4	6.521681207E-4	3.518101003E-4	1.929434220E-4	1.791998511E-4	1.825386571E-4	3.244317486E-4	7.067301194E-4	1.066529076E-3	1.325555495E-3	1.509943279E-3	1.489894115E-3	1.312818727E-3	1.163891633E-3	1.003260841E-3	7.940243231E-4	7.764510228E-4	8.632256649E-4	8.035695064E-4	7.651737542E-4	9.188753902E-4	1.229541609E-3	NaN	NaN	NaN	NaN	NaN	1.348887803E-3	1.365795848E-3	1.347930869E-3	1.065293443E-3	6.588972174E-4	2.994986426E-4	NaN	NaN	NaN	NaN	NaN	NaN	NaN
9.363857680E-4	5.454775528E-4	1.346833305E-4	1.946658813E-5	7.025081140E-5	1.726342089E-5	1.099919245E-4	5.849693553E-4	1.144010690E-3	1.584845013E-3	1.825815067E-3	1.761013758E-3	1.536053838E-3	1.338602626E-3	1.116217580E-3	8.759901393E-4	8.621840389E-4	9.248350398E-4	7.609400200E-4	6.039068103E-4	7.536627236E-4	1.129682991E-3	1.395073836E-3	NaN	NaN	NaN	NaN	1.249741530E-3	1.264659571E-3	1.193194417E-3	9.293332114E-4	6.135161966E-4	3.011638473E-4	NaN	NaN	NaN	NaN	NaN	NaN	NaN
9.742170805E-4	5.249702372E-4	7.346655184E-5	3.173744699E-5	1.428226096E-4	9.154447616E-5	1.972383179E-4	6.882905727E-4	1.218698919E-3	1.595578040E-3	1.795958728E-3	1.742771361E-3	NaN	1.380178845E-3	1.192517346E-3	9.963389020E-4	9.525496862E-4	9.083449258E-4	6.393109798E-4	4.152302281E-4	5.380019429E-4	9.084417252E-4	1.170896110E-3	1.252555056E-3	1.367557677E-3	1.416727318E-3	1.285030507E-3	1.162736327E-3	1.060119015E-3	8.139731362E-4	5.412411410E-4	3.793913056E-4	2.292130084E-4	NaN	NaN	NaN	NaN	NaN	NaN	NaN
8.727704990E-4	4.144110426E-4	5.052554479E-5	8.878515655E-5	2.069956245E-4	1.626814046E-4	2.554951643E-4	6.457510754E-4	1.053936896E-3	1.348850317E-3	1.521519269E-3	1.483156928E-3	NaN	NaN	NaN	1.251570880E-3	1.255488954E-3	1.132875681E-3	7.814598503E-4	4.545952543E-4	3.917081922E-4	6.085468922E-4	8.869975572E-4	1.064889249E-3	1.216507284E-3	1.281721983E-3	1.221005456E-3	1.144713839E-3	9.554590215E-4	5.821262603E-4	2.620400337E-4	1.135109706E-4	NaN	NaN	NaN	NaN	NaN	NaN	NaN	NaN
6.240610383E-4	2.452388289E-4	5.257665543E-5	1.185876681E-4	1.419151085E-4	3.610284693E-5	6.945122004E-5	3.688735596E-4	7.375254063E-4	1.032687840E-3	1.242256723E-3	1.280701486E-3	NaN	NaN	NaN	NaN	NaN	1.471855561E-3	1.148001407E-3	7.732741651E-4	5.271233968E-4	5.275825388E-4	7.151906029E-4	9.012657101E-4	1.029365812E-3	1.076593762E-3	1.093427767E-3	1.115751569E-3	9.656201000E-4	6.167651154E-4	2.609496005E-4	NaN	NaN	NaN	NaN	NaN	NaN	NaN	NaN	NaN
6.046174676E-4	2.947005269E-4	1.478154445E-4	8.986562898E-5	NaN	NaN	NaN	1.223071304E-4	4.976353375E-4	7.867860259E-4	1.013947534E-3	1.140649780E-3	NaN	NaN	NaN	NaN	NaN	NaN	1.317770453E-3	1.017439412E-3	7.645910955E-4	6.310375175E-4	6.558845052E-4	7.683405420E-4	8.572583320E-4	8.638950530E-4	8.798593772E-4	9.585758671E-4	9.200067143E-4	6.818787660E-4	3.213659220E-4	NaN	NaN	NaN	NaN	NaN	NaN	NaN	NaN	NaN
6.803799188E-4	5.088588805E-4	3.653728054E-4	1.402413618E-4	NaN	NaN	NaN	2.107949404E-4	6.105632638E-4	9.106671205E-4	1.037544687E-3	1.058347058E-3	NaN	NaN	NaN	NaN	NaN	NaN	NaN	9.951693937E-4	8.097930695E-4	6.473787362E-4	5.761890789E-4	6.175826420E-4	6.661953521E-4	6.649074494E-4	6.941452157E-4	8.072714554E-4	8.464368293E-4	6.709388108E-4	NaN	NaN	NaN	NaN	NaN	NaN	NaN	NaN	NaN	NaN
5.594451795E-4	6.043232861E-4	5.475099897E-4	2.602574823E-4	9.882114682E-5	2.311016578E-4	3.884745820E-4	5.855236668E-4	9.634162998E-4	1.269083703E-3	1.269575907E-3	1.129627228E-3	1.187109621E-3	NaN	NaN	NaN	NaN	NaN	NaN	1.009318396E-3	8.181525045E-4	6.256789784E-4	5.235886201E-4	4.963567480E-4	4.505869583E-4	4.444658407E-4	5.527451285E-4	7.065096288E-4	7.317251875E-4	NaN	NaN	NaN	NaN	NaN	NaN	NaN	NaN	NaN	NaN	4.940318759E-4
4.646097077E-4	5.716561573E-4	5.634622648E-4	3.195599420E-4	2.616042621E-4	5.512713687E-4	7.585338899E-4	8.593363455E-4	1.131421421E-3	1.407702919E-3	1.428866992E-3	1.278979005E-3	1.256350428E-3	NaN	NaN	NaN	NaN	NaN	NaN	1.283066114E-3	1.050282270E-3	8.121861611E-4	6.975739961E-4	5.898831296E-4	3.801975399E-4	2.807546989E-4	4.051157739E-4	5.150017096E-4	NaN	NaN	NaN	NaN	NaN	NaN	NaN	NaN	NaN	NaN	4.299774300E-4	4.972008755E-4
5.605544429E-4	5.984045565E-4	5.630839732E-4	3.527385707E-4	2.908573952E-4	5.364825483E-4	6.988936220E-4	7.365470519E-4	9.163959767E-4	1.180418418E-3	1.332429936E-3	1.230500289E-3	1.038700808E-3	1.090243924E-3	1.408570330E-3	NaN	NaN	NaN	NaN	1.725818147E-3	1.471762313E-3	1.220376231E-3	1.060943585E-3	8.013713523E-4	3.939890303E-4	1.997904910E-4	3.235584882E-4	3.179123742E-4	NaN	NaN	NaN	NaN	NaN	NaN	NaN	NaN	NaN	3.230751608E-4	3.486588539E-4	5.734121078E-4
7.010199479E-4	6.669631694E-4	5.812714808E-4	3.487592330E-4	1.962471142E-4	2.995138930E-4	4.036696919E-4	4.533118627E-4	6.039671134E-4	8.676032885E-4	1.106348122E-3	1.003699261E-3	6.792288041E-4	6.632183795E-4	1.011144253E-3	1.408308512E-3	1.644480973E-3	1.800237456E-3	1.980066998E-3	1.978180837E-3	1.758392435E-3	1.540490193E-3	1.317267190E-3	9.208357078E-4	4.196642549E-4	2.183355246E-4	3.584605583E-4	2.677550947E-4	NaN	NaN	NaN	NaN	NaN	NaN	NaN	NaN	NaN	2.243494528E-4	3.850931826E-4	7.002453203E-4
9.055369883E-4	7.636951632E-4	6.108687958E-4	3.716959909E-4	1.868426480E-4	1.877048635E-4	2.614635450E-4	3.861597506E-4	5.774908932E-4	8.359884960E-4	1.058118185E-3	9.054986294E-4	5.258615129E-4	4.246851313E-4	6.291507161E-4	9.308055160E-4	1.179836923E-3	1.399208792E-3	1.637393492E-3	1.703442074E-3	1.576375565E-3	1.420119428E-3	1.238362049E-3	9.434812237E-4	5.593670649E-4	3.582650388E-4	3.923339827E-4	2.453327470E-4	NaN	NaN	NaN	NaN	NaN	NaN	NaN	NaN	NaN	2.465754806E-4	5.146118929E-4	8.801560616E-4
1.311137690E-3	1.044481178E-3	7.880555349E-4	5.145046744E-4	2.942935971E-4	1.793236588E-4	1.793690608E-4	3.608899424E-4	6.195004680E-4	8.530003834E-4	9.835067904E-4	8.018422523E-4	4.823709314E-4	3.361499112E-4	3.618252813E-4	5.436674110E-4	7.467955584E-4	8.961030398E-4	1.076453598E-3	1.171767944E-3	1.097493921E-3	9.780647233E-4	9.453400853E-4	9.204404196E-4	7.564062835E-4	5.804823013E-4	4.568562435E-4	2.119911514E-4	NaN	NaN	NaN	NaN	NaN	NaN	NaN	NaN	NaN	3.725412826E-4	7.146017160E-4	1.117510954E-3
1.670903410E-3	1.370996120E-3	1.027721097E-3	6.975286524E-4	4.444251535E-4	2.328914125E-4	1.132980542E-4	2.456500370E-4	5.011222675E-4	7.046688115E-4	8.093378274E-4	7.235196535E-4	5.387169658E-4	3.544821811E-4	2.160255244E-4	2.786882687E-4	4.318974388E-4	5.442270776E-4	6.923043402E-4	8.017487125E-4	7.617766387E-4	6.911933888E-4	7.869380061E-4	9.135056753E-4	8.844005642E-4	8.177456912E-4	6.651754957E-4	3.186443064E-4	1.198563950E-6	NaN	NaN	NaN	NaN	NaN	NaN	NaN	NaN	6.096425932E-4	1.023045974E-3	1.393049839E-3
1.703154645E-3	1.496994053E-3	1.158189611E-3	8.404246182E-4	6.118660094E-4	3.547566885E-4	1.398400636E-4	2.049447212E-4	4.473053268E-4	6.841436843E-4	8.890536265E-4	9.621861391E-4	8.274373249E-4	5.179449217E-4	2.253683342E-4	1.593812776E-4	2.178045397E-4	3.126574738E-4	4.966436536E-4	6.651893491E-4	6.917028804E-4	6.745003629E-4	7.815891877E-4	8.594049141E-4	8.382443921E-4	8.925639559E-4	8.434215561E-4	5.505074514E-4	2.592970559E-4	1.718379062E-4	NaN	NaN	NaN	NaN	NaN	NaN	NaN	8.548067999E-4	1.262866892E-3	1.476893085E-3
1.567654894E-3	1.446780050E-3	1.144723734E-3	8.626295021E-4	6.450514193E-4	3.739460662E-4	1.705585018E-4	2.615632548E-4	5.402392126E-4	8.551530191E-4	1.159666688E-3	1.284523634E-3	1.098876703E-3	7.191381883E-4	3.911447129E-4	2.195246343E-4	1.431445125E-4	2.240562317E-4	4.986309214E-4	7.438038592E-4	7.825983339E-4	7.442549686E-4	7.980212104E-4	7.842872874E-4	7.124368567E-4	8.062305278E-4	8.841355448E-4	7.895884919E-4	6.514519337E-4	5.779641797E-4	5.852142931E-4	NaN	NaN	NaN	NaN	NaN	NaN	8.675477584E-4	1.192988944E-3	1.174899167E-3
1.403120230E-3	1.249556895E-3	9.369101608E-4	6.662493106E-4	4.862586793E-4	3.051669919E-4	2.087611792E-4	3.299521923E-4	5.989999045E-4	9.610691341E-4	1.311678905E-3	1.394542167E-3	1.155843958E-3	8.219073643E-4	5.486972514E-4	3.099377500E-4	1.435202721E-4	2.450723550E-4	6.027334020E-4	8.637153660E-4	8.427365683E-4	7.981659146E-4	9.172222344E-4	9.320429526E-4	7.951730513E-4	7.888380787E-4	8.831709856E-4	9.413693333E-4	9.213738376E-4	8.207955398E-4	7.217753446E-4	4.923482775E-4	7.007498061E-5	NaN	NaN	NaN	NaN	6.499832962E-4	8.898447850E-4	7.097112830E-4
1.199417748E-3	1.032688422E-3	6.763705751E-4	4.032089491E-4	3.447552735E-4	3.107554512E-4	2.537378750E-4	3.075781569E-4	4.884351511E-4	8.089147741E-4	1.154665835E-3	1.244865940E-3	1.047830330E-3	7.691541687E-4	5.077611422E-4	2.554189414E-4	1.101647213E-4	2.471526968E-4	5.902264966E-4	7.877167664E-4	7.389762904E-4	7.768669166E-4	1.021772972E-3	1.106680604E-3	9.206489194E-4	7.578803925E-4	7.699347334E-4	9.029377834E-4	9.810667252E-4	8.990647621E-4	7.990133599E-4	6.224049139E-4	2.262387134E-4	NaN	NaN	NaN	NaN	NaN	5.759655032E-4	3.476834390E-4
1.039747032E-3	1.002348494E-3	6.261880044E-4	3.398990666E-4	4.086211266E-4	4.695291864E-4	3.361430718E-4	2.456837101E-4	3.076841822E-4	5.181398010E-4	8.013534243E-4	9.773615748E-4	9.548201342E-4	7.334657130E-4	3.920752497E-4	9.216224134E-5	NaN	1.501257211E-4	4.088120768E-4	5.613383255E-4	6.173725706E-4	7.700175047E-4	9.785153670E-4	9.820325067E-4	7.780637825E-4	5.851743626E-4	5.853547482E-4	7.957833004E-4	9.999634931E-4	1.051175408E-3	1.065765158E-3	9.852437070E-4	6.385829183E-4	1.959155925E-4	NaN	NaN	NaN	NaN	NaN	NaN
8.952539065E-4	9.818359977E-4	6.735412753E-4	4.230033664E-4	5.490786280E-4	6.563970819E-4	4.624994472E-4	2.170267835E-4	1.651368511E-4	3.097492736E-4	5.562386359E-4	8.497483213E-4	1.054265304E-3	9.081572061E-4	4.229895130E-4	NaN	NaN	NaN	1.660486159E-4	3.524241911E-4	5.906092701E-4	8.538670372E-4	9.556806181E-4	8.180026780E-4	6.210134015E-4	5.177424755E-4	6.050477969E-4	8.694172720E-4	1.107850345E-3	1.239662059E-3	1.326115802E-3	1.266859472E-3	9.616410243E-4	5.187815404E-4	1.204150758E-4	NaN	NaN	NaN	NaN	NaN
7.175607607E-4	7.960700896E-4	6.246116827E-4	4.782149917E-4	5.702029448E-4	6.738626980E-4	4.986742279E-4	1.680491987E-4	4.851216363E-5	1.932760351E-4	4.522145900E-4	8.239959716E-4	1.157374238E-3	1.073224819E-3	5.313685979E-4	NaN	NaN	NaN	NaN	2.045955480E-4	5.366117111E-4	8.611996309E-4	9.828659240E-4	8.622417226E-4	6.972109550E-4	6.452022935E-4	7.623715792E-4	9.811626514E-4	1.148471376E-3	1.255570794E-3	1.336468151E-3	1.301226090E-3	1.087323297E-3	7.107524434E-4	2.981129801E-4	7.683407603E-5	NaN	NaN	NaN	NaN
5.761042121E-4	6.277270732E-4	5.889362656E-4	5.412569153E-4	5.495997611E-4	6.193662994E-4	5.040717078E-4	1.739426953E-4	3.729003220E-5	1.815125870E-4	4.333766119E-4	7.751854137E-4	1.091170125E-3	1.081802417E-3	6.490798551E-4	1.270653593E-4	NaN	NaN	NaN	4.879802873E-5	4.044453381E-4	7.445211522E-4	9.623654769E-4	9.852154180E-4	8.856643108E-4	8.158700657E-4	8.211039240E-4	8.825909463E-4	1.020597294E-3	1.179937972E-3	1.280765049E-3	1.326460158E-3	1.264946535E-3	9.888259228E-4	5.721090711E-4	2.509997867E-4	1.151350898E-5	NaN	NaN	NaN
5.141417496E-4	5.600992590E-4	5.973060615E-4	5.936228554E-4	5.329657579E-4	5.808275309E-4	5.176271079E-4	2.249238314E-4	9.812926874E-5	2.349925344E-4	4.801258328E-4	7.546476554E-4	1.005116850E-3	1.092895400E-3	8.083817083E-4	3.220493672E-4	NaN	NaN	NaN	NaN	2.908376337E-4	5.860145902E-4	8.480104152E-4	1.010112814E-3	9.954913985E-4	9.152711718E-4	7.961535011E-4	7.164370618E-4	9.213155718E-4	1.234699856E-3	1.364495372E-3	1.416781684E-3	1.432214514E-3	1.279450138E-3	9.552371921E-4	6.037431885E-4	2.973370720E-4	1.484489894E-5	NaN	NaN
5.261328770E-4	5.083787255E-4	5.382354138E-4	5.555743701E-4	4.994410556E-4	5.401662784E-4	5.013255868E-4	2.808367135E-4	1.856565068E-4	3.037036513E-4	5.770777352E-4	8.428458241E-4	9.982993361E-4	1.075743698E-3	8.795222384E-4	4.378297017E-4	7.290231588E-5	NaN	NaN	4.160757726E-6	2.421330282E-4	3.935070126E-4	6.398037076E-4	8.881441317E-4	9.068169747E-4	8.500473341E-4	7.892788853E-4	7.662911667E-4	1.043235650E-3	1.392248552E-3	1.464081113E-3	1.417548978E-3	1.384807169E-3	1.343829674E-3	1.255001407E-3	1.065571443E-3	7.801520987E-4	4.123972030E-4	3.076003850E-5	NaN
4.505325924E-4	4.131822789E-4	4.351835523E-4	5.162667949E-4	5.428465083E-4	5.618524738E-4	5.321280332E-4	4.399243335E-4	3.954692220E-4	4.583683622E-4	7.353983819E-4	9.995376458E-4	9.924391052E-4	8.982444415E-4	7.407050580E-4	4.604448914E-4	2.296209714E-4	NaN	NaN	NaN	2.542623552E-4	3.069205850E-4	5.301638157E-4	7.885640371E-4	7.815982099E-4	7.681850111E-4	8.847388090E-4	1.031262451E-3	1.282827929E-3	NaN	NaN	NaN	1.283108490E-3	1.332682674E-3	1.415335806E-3	1.356763416E-3	1.082635252E-3	6.252503954E-4	1.706956682E-4	NaN
3.330957843E-4	3.390939091E-4	3.568563843E-4	5.061484990E-4	5.995408865E-4	5.643846234E-4	5.489224568E-4	5.925231962E-4	5.916292430E-4	5.718931207E-4	7.449802360E-4	9.263350512E-4	8.218538132E-4	6.406378234E-4	5.398752401E-4	4.373343254E-4	3.585380909E-4	NaN	NaN	NaN	2.696637239E-4	3.828390618E-4	5.884251441E-4	8.119819686E-4	8.571322542E-4	9.269755683E-4	1.100421650E-3	1.266422332E-3	NaN	NaN	NaN	NaN	NaN	1.388336648E-3	1.445940230E-3	1.354517764E-3	1.105334726E-3	6.708495202E-4	2.660515020E-4	1.127284995E-4
NaN	3.677317291E-4	2.992213704E-4	4.737007839E-4	5.838212674E-4	5.136553082E-4	5.229467642E-4	6.191677530E-4	6.280982634E-4	5.681890179E-4	6.100634928E-4	6.800541305E-4	6.321471883E-4	5.796077312E-4	5.641375319E-4	4.870505072E-4	3.636485781E-4	NaN	NaN	NaN	1.545880950E-4	3.846573527E-4	5.839774967E-4	7.728599594E-4	9.618560434E-4	1.155479345E-3	1.271239598E-3	1.346047851E-3	NaN	NaN	NaN	NaN	NaN	1.420263783E-3	1.361619565E-3	1.235440839E-3	1.125775045E-3	8.129563648E-4	4.689248453E-4	3.427691991E-4
NaN	NaN	2.550841018E-4	4.544508120E-4	5.558265839E-4	4.867019015E-4	4.915935569E-4	5.232064286E-4	5.219215527E-4	5.396228516E-4	5.936074303E-4	6.188001717E-4	6.285210256E-4	7.116608904E-4	7.562536630E-4	5.841482780E-4	NaN	NaN	NaN	NaN	3.431422329E-6	2.520532871E-4	4.817962181E-4	6.687316345E-4	9.446252370E-4	1.215855475E-3	1.317566610E-3	1.379412832E-3	NaN	NaN	NaN	NaN	NaN	1.438790816E-3	1.315539470E-3	1.239041565E-3	1.299521653E-3	1.100900117E-3	7.816336001E-4	6.300652749E-4
NaN	NaN	NaN	NaN	NaN	4.654563963E-4	4.409140674E-4	3.693059261E-4	3.488152288E-4	4.439527111E-4	5.579905701E-4	5.958190886E-4	6.148644025E-4	7.264915621E-4	7.894340088E-4	5.751927383E-4	NaN	NaN	NaN	NaN	8.862595132E-5	2.224166528E-4	4.874088918E-4	6.991014234E-4	9.347150917E-4	1.177182421E-3	1.347568003E-3	NaN	NaN	NaN	NaN	NaN	NaN	1.441853470E-3	1.312275883E-3	1.296748756E-3	1.410139375E-3	1.261639874E-3	9.906168561E-4	8.248047670E-4
NaN	NaN	NaN	NaN	NaN	NaN	NaN	NaN	2.818938810E-4	3.438810236E-4	3.916960268E-4	4.556665372E-4	5.319426418E-4	6.071883836E-4	6.208124687E-4	NaN	NaN	NaN	NaN	NaN	2.398870274E-4	2.843753609E-4	5.450700992E-4	7.461348432E-4	8.737390162E-4	1.047163969E-3	1.324763638E-3	NaN	NaN	NaN	NaN	NaN	1.292410539E-3	1.322944532E-3	1.213608426E-3	1.218148973E-3	1.243935898E-3	1.064469456E-3	8.941470878E-4	8.313990547E-4
NaN	NaN	NaN	NaN	NaN	NaN	NaN	NaN	NaN	NaN	3.381977731E-4	3.612757428E-4	4.454043810E-4	4.465272359E-4	NaN	NaN	NaN	NaN	NaN	NaN	NaN	2.676948789E-4	4.971851013E-4	6.843546871E-4	7.620696560E-4	9.024317260E-4	1.225605374E-3	NaN	NaN	NaN	NaN	1.207848778E-3	1.106885029E-3	1.066931291E-3	1.013738103E-3	1.027570805E-3	9.667862323E-4	7.560272934E-4	6.681107334E-4	7.221529377E-4
NaN	NaN	NaN	NaN	NaN	NaN	NaN	NaN	NaN	NaN	NaN	NaN	NaN	NaN	NaN	NaN	NaN	NaN	NaN	NaN	NaN	1.712413068E-4	4.241235147E-4	7.219737163E-4	8.706250810E-4	1.013104455E-3	1.286983606E-3	1.478767837E-3	NaN	NaN	NaN	1.092908205E-3	8.313143626E-4	7.562973187E-4	7.517885533E-4	7.977451314E-4	7.794866106E-4	6.433509989E-4	5.793717573E-4	6.113474956E-4
NaN	NaN	NaN	NaN	NaN	NaN	NaN	NaN	NaN	NaN	NaN	NaN	NaN	NaN	NaN	NaN	NaN	NaN	NaN	NaN	NaN	2.845656309E-5	3.535205906E-4	8.002075483E-4	1.049591345E-3	1.226772903E-3	1.460190397E-3	1.552421949E-3	1.497871708E-3	1.477336395E-3	1.342990901E-3	9.658937342E-4	6.355589721E-4	5.328226252E-4	5.387334968E-4	6.112257252E-4	6.739687524E-4	6.270138547E-4	5.483883433E-4	5.203147884E-4
NaN	NaN	NaN	NaN	NaN	NaN	NaN	NaN	NaN	NaN	NaN	NaN	NaN	NaN	NaN	NaN	NaN	NaN	NaN	NaN	NaN	NaN	2.709439432E-4	6.775211077E-4	9.582981002E-4	1.194963115E-3	1.429614378E-3	1.504236599E-3	1.455046586E-3	1.431329292E-3	1.301495475E-3	9.658958297E-4	6.678428035E-4	5.503110588E-4	5.061788252E-4	5.494051147E-4	6.261549424E-4	5.929599283E-4	5.073468201E-4	4.977740464E-4
NaN	NaN	NaN	NaN	NaN	NaN	NaN	NaN	NaN	NaN	NaN	NaN	NaN	NaN	NaN	NaN	NaN	NaN	NaN	NaN	NaN	NaN	2.484977886E-4	5.092183128E-4	8.089730982E-4	1.105252886E-3	1.340198913E-3	1.428798656E-3	1.411989098E-3	1.410068944E-3	1.327122212E-3	1.078346977E-3	8.334549493E-4	6.626523682E-4	5.424719420E-4	5.711703561E-4	6.230973522E-4	5.637247232E-4	5.274013965E-4	6.039101863E-4
NaN	NaN	NaN	NaN	NaN	NaN	NaN	NaN	NaN	NaN	NaN	NaN	NaN	NaN	NaN	NaN	NaN	NaN	NaN	NaN	NaN	NaN	NaN	3.913967521E-4	7.392049301E-4	1.085371943E-3	1.347750775E-3	1.445787610E-3	1.390981721E-3	1.350920647E-3	1.284080441E-3	1.082261093E-3	8.246683865E-4	5.606664927E-4	4.351078533E-4	5.429954617E-4	5.751984427E-4	5.038586678E-4	5.759082269E-4	7.485332317E-4
NaN	NaN	NaN	NaN	NaN	NaN	NaN	NaN	NaN	NaN	NaN	NaN	NaN	NaN	NaN	NaN	NaN	NaN	NaN	NaN	NaN	NaN	NaN	NaN	4.759122967E-4	8.601730806E-4	1.205172157E-3	1.300133532E-3	1.170042902E-3	1.133336336E-3	1.135403872E-3	9.693170432E-4	6.817715475E-4	3.501418978E-4	2.217090223E-4	3.645950928E-4	3.799075494E-4	3.535339783E-4	5.503583816E-4	7.875821902E-4
NaN	NaN	NaN	NaN	NaN	NaN	NaN	NaN	NaN	NaN	NaN	NaN	NaN	NaN	NaN	NaN	NaN	NaN	NaN	NaN	NaN	NaN	NaN	NaN	NaN	4.257495748E-4	8.184781182E-4	8.600730216E-4	6.934253033E-4	7.814377896E-4	9.576758603E-4	8.848801372E-4	6.358457031E-4	3.010810178E-4	1.038615301E-4	1.746961061E-4	2.019935782E-4	2.421922400E-4	4.718415730E-4	7.050749846E-4
NaN	NaN	NaN	NaN	NaN	NaN	NaN	NaN	NaN	NaN	NaN	NaN	NaN	NaN	NaN	NaN	NaN	NaN	NaN	NaN	NaN	NaN	NaN	NaN	NaN	NaN	3.045334015E-4	2.671863476E-4	1.462228538E-4	3.716676147E-4	6.857100525E-4	7.383254706E-4	5.967199104E-4	3.104473581E-4	5.787349801E-5	7.607170846E-5	1.789585804E-4	2.743885561E-4	4.326713097E-4	6.021364243E-4
NaN	NaN	NaN	NaN	NaN	NaN	NaN	NaN	NaN	NaN	NaN	NaN	NaN	NaN	NaN	NaN	NaN	NaN	NaN	NaN	NaN	NaN	NaN	NaN	NaN	NaN	NaN	NaN	NaN	1.844890357E-4	4.628582683E-4	5.672397092E-4	5.290135159E-4	3.197229526E-4	7.226916932E-5	4.556495333E-5	1.609175524E-4	2.738398907E-4	3.829557972E-4	5.256294971E-4
NaN	NaN	NaN	NaN	NaN	NaN	NaN	NaN	NaN	NaN	NaN	NaN	NaN	NaN	NaN	NaN	NaN	NaN	NaN	NaN	NaN	NaN	NaN	NaN	NaN	NaN	NaN	NaN	1.350292150E-4	3.640580690E-4	5.094719236E-4	5.804837565E-4	5.930608604E-4	4.758393334E-4	2.938151301E-4	2.118012053E-4	2.173669927E-4	2.692206181E-4	3.686675918E-4	5.115537206E-4
NaN	NaN	NaN	NaN	NaN	NaN	NaN	NaN	NaN	NaN	NaN	NaN	NaN	NaN	NaN	NaN	NaN	NaN	NaN	NaN	NaN	NaN	NaN	NaN	NaN	NaN	NaN	NaN	NaN	5.295040319E-4	6.418909179E-4	7.590368041E-4	8.075346122E-4	6.965489592E-4	5.542664439E-4	5.273163551E-4	5.135126994E-4	4.870691628E-4	5.464840797E-4	6.382417632E-4
NaN	NaN	NaN	NaN	NaN	NaN	NaN	NaN	NaN	NaN	NaN	NaN	NaN	NaN	NaN	NaN	NaN	NaN	NaN	NaN	NaN	NaN	NaN	NaN	NaN	NaN	NaN	NaN	NaN	5.201736931E-4	6.575230509E-4	8.838434587E-4	9.873394156E-4	7.720944122E-4	5.747202667E-4	7.041599019E-4	8.230381063E-4	7.339033182E-4	7.090012659E-4	7.590937894E-4
NaN	NaN	NaN	NaN	NaN	NaN	NaN	NaN	NaN	NaN	NaN	NaN	NaN	NaN	NaN	NaN	NaN	NaN	NaN	NaN	NaN	NaN	NaN	NaN	NaN	NaN	NaN	NaN	NaN	NaN	6.073252880E-4	7.956869667E-4	9.306594147E-4	6.701750681E-4	4.339441366E-4	6.525959470E-4	8.451711619E-4	7.144839619E-4	6.615656894E-4	7.602811093E-4
NaN	NaN	NaN	NaN	NaN	NaN	NaN	NaN	NaN	NaN	NaN	NaN	NaN	NaN	NaN	NaN	NaN	NaN	NaN	NaN	NaN	NaN	NaN	NaN	NaN	NaN	NaN	NaN	NaN	NaN	5.628590588E-4	6.403836887E-4	7.405436481E-4	5.362211959E-4	3.442203451E-4	4.999813391E-4	6.250800798E-4	5.712289712E-4	6.490646629E-4	8.110261988E-4
NaN	NaN	NaN	NaN	NaN	NaN	NaN	NaN	NaN	NaN	NaN	NaN	NaN	NaN	NaN	NaN	NaN	NaN	NaN	NaN	NaN	NaN	NaN	NaN	NaN	NaN	NaN	NaN	NaN	NaN	NaN	5.524268490E-4	5.368676502E-4	4.050163261E-4	3.644073149E-4	4.639182880E-4	4.813899286E-4	5.195267149E-4	6.962798652E-4	8.176345727E-4
NaN	NaN	NaN	NaN	NaN	NaN	NaN	NaN	NaN	NaN	NaN	NaN	NaN	NaN	NaN	NaN	NaN	NaN	NaN	NaN	NaN	NaN	NaN	NaN	NaN	NaN	NaN	NaN	NaN	NaN	NaN	NaN	2.460638934E-4	1.910539286E-4	3.847021726E-4	5.491143093E-4	5.042285193E-4	5.065668374E-4	5.910276668E-4	6.141491467E-4
NaN	NaN	NaN	NaN	NaN	NaN	NaN	NaN	NaN	NaN	NaN	NaN	NaN	NaN	NaN	NaN	NaN	NaN	NaN	NaN	NaN	NaN	NaN	NaN	NaN	NaN	NaN	NaN	NaN	NaN	NaN	NaN	NaN	NaN	3.048189974E-4	5.305992090E-4	4.820986942E-4	4.485933459E-4	4.514274478E-4	4.440892662E-4
NaN	NaN	NaN	NaN	NaN	NaN	NaN	NaN	NaN	NaN	NaN	NaN	NaN	NaN	NaN	NaN	NaN	NaN	NaN	NaN	NaN	NaN	NaN	NaN	NaN	NaN	NaN	NaN	NaN	NaN	NaN	NaN	NaN	NaN	2.150012151E-4	4.324558249E-4	3.888090141E-4	3.517360019E-4	3.895052650E-4	4.348167276E-4
NaN	NaN	NaN	NaN	NaN	NaN	NaN	NaN	NaN	NaN	NaN	NaN	NaN	NaN	NaN	NaN	NaN	NaN	NaN	NaN	NaN	NaN	NaN	NaN	NaN	NaN	NaN	NaN	NaN	NaN	NaN	NaN	NaN	NaN	NaN	3.890404187E-4	3.092603583E-4	2.245376963E-4	2.961441060E-4	4.094562028E-4
NaN	NaN	NaN	NaN	NaN	NaN	NaN	NaN	NaN	NaN	NaN	NaN	NaN	NaN	NaN	NaN	NaN	NaN	NaN	NaN	NaN	NaN	NaN	NaN	NaN	NaN	NaN	NaN	NaN	NaN	NaN	NaN	NaN	NaN	NaN	NaN	NaN	NaN	NaN	NaN
NaN	NaN	NaN	NaN	NaN	NaN	NaN	NaN	NaN	NaN	NaN	NaN	NaN	NaN	NaN	NaN	NaN	NaN	NaN	NaN	NaN	NaN	NaN	NaN	NaN	NaN	NaN	NaN	NaN	NaN	NaN	NaN	NaN	NaN	NaN	NaN	NaN	NaN	NaN	NaN
NaN	NaN	NaN	NaN	NaN	NaN	NaN	NaN	NaN	NaN	NaN	NaN	NaN	NaN	NaN	NaN	NaN	NaN	NaN	NaN	NaN	NaN	NaN	NaN	NaN	NaN	NaN	NaN	NaN	NaN	NaN	NaN	NaN	NaN	NaN	NaN	NaN	NaN	NaN	NaN
NaN	NaN	NaN	NaN	NaN	NaN	NaN	NaN	NaN	NaN	NaN	NaN	NaN	NaN	NaN	NaN	NaN	NaN	NaN	NaN	NaN	NaN	NaN	NaN	NaN	NaN	NaN	NaN	NaN	NaN	NaN	NaN	NaN	NaN	NaN	NaN	NaN	NaN	NaN	NaN
