5.883651320E-4	6.206574035E-4	5.610902444E-4	5.048865569E-4	4.191441985E-4	5.767865223E-4	9.330323664E-4	1.038157148E-3	8.696090663E-4	7.212389028E-4	6.956178113E-4	7.407224621E-4	6.566144875E-4	3.171787248E-4	1.793641713E-4	4.770106170E-4	6.106786896E-4	3.978665918E-4	2.591381781E-4	2.469116880E-4	1.774420089E-4	2.008423617E-4	4.839601170E-4	6.633984158E-4	5.527361063E-4	4.712347582E-4	4.534096224E-4	4.894971498E-4	6.347103626E-4	6.780650001E-4	6.509147352E-4	7.216303493E-4	7.563160616E-4	6.909802323E-4	7.007127278E-4	7.469052216E-4
6.702151150E-4	7.501256769E-4	6.649235147E-4	4.564406117E-4	2.722694771E-4	4.509986611E-4	7.223061984E-4	6.514106644E-4	4.428255488E-4	3.787856258E-4	4.152629117E-4	4.870958801E-4	4.968066933E-4	2.977127442E-4	2.262733906E-4	5.090717459E-4	5.856213975E-4	3.018869611E-4	9.852159565E-5	4.579500455E-5	4.480145799E-5	1.785540662E-4	4.004339280E-4	4.440198245E-4	3.635273606E-4	4.230944032E-4	4.775959242E-4	4.857134190E-4	5.889318418E-4	6.578705506E-4	7.330907392E-4	8.618772263E-4	8.090760093E-4	5.959157133E-4	4.832680279E-4	4.971793387E-4
7.646898739E-4	7.789714728E-4	6.637065089E-4	4.670259368E-4	3.186390677E-4	4.652982752E-4	5.870346795E-4	4.092229356E-4	2.165866754E-4	1.653097861E-4	1.978477376E-4	3.101018665E-4	3.989391553E-4	2.987641492E-4	2.563015441E-4	4.721226869E-4	5.541106220E-4	3.802024876E-4	2.190414234E-4	1.811175898E-4	3.119219618E-4	5.032765912E-4	5.441454123E-4	4.433167051E-4	4.053363227E-4	5.216802820E-4	5.869435845E-4	5.633481196E-4	5.987338955E-4	6.264261319E-4	6.925063208E-4	8.266021614E-4	7.817959413E-4	5.490060430E-4	3.666593111E-4	3.290625173E-4
8.310445701E-4	7.272477960E-4	5.770100397E-4	4.735090188E-4	4.525512923E-4	5.782254157E-4	5.744792288E-4	3.568897082E-4	1.869691914E-4	9.388741455E-5	7.781930617E-5	2.005096176E-4	3.109827230E-4	2.484068391E-4	1.885406527E-4	3.074011765E-4	4.532650928E-4	4.968231078E-4	4.372439871E-4	4.288776836E-4	6.239344366E-4	7.874367293E-4	7.460371125E-4	7.094772882E-4	7.772675017E-4	8.448020671E-4	7.834917051E-4	6.417465629E-4	5.943375290E-4	5.872074398E-4	6.349561736E-4	8.258510497E-4	9.085863130E-4	7.801479660E-4	6.354593206E-4	5.283678765E-4
7.178012747E-4	5.787732662E-4	4.983346444E-4	4.885163507E-4	5.184789188E-4	6.184636732E-4	6.039852160E-4	4.269829951E-4	2.793993044E-4	1.810093672E-4	1.516855700E-4	2.400892554E-4	3.114762658E-4	2.610234078E-4	1.725689217E-4	1.731845550E-4	3.347888705E-4	5.220780149E-4	5.082197604E-4	4.770804662E-4	6.239281502E-4	7.068042178E-4	7.048169500E-4	8.408912690E-4	1.004821039E-3	1.013985253E-3	8.274326683E-4	5.721227499E-4	5.259659374E-4	6.188942352E-4	7.159695379E-4	9.267548448E-4	1.066604862E-3	1.023417106E-3	9.636280010E-4	8.323034272E-4
4.863227659E-4	3.967029334E-4	5.180744920E-4	6.218334311E-4	5.593283568E-4	5.390800070E-4	5.970455240E-4	5.636364804E-4	4.586840805E-4	3.805748129E-4	3.654932079E-4	3.990619152E-4	4.097081837E-4	3.677977948E-4	2.875342616E-4	2.418247750E-4	3.969857353E-4	6.011361838E-4	5.501373671E-4	4.885942908E-4	6.083929911E-4	6.571906270E-4	6.597582251E-4	7.603649283E-4	8.573468076E-4	8.763005608E-4	7.191324839E-4	4.544618714E-4	4.526874982E-4	6.496616406E-4	7.913136506E-4	9.859933052E-4	1.125568640E-3	1.094119623E-3	1.029662322E-3	8.915275685E-4
4.589268647E-4	3.638745111E-4	5.472351331E-4	6.817139219E-4	5.014056223E-4	3.616759204E-4	5.194598343E-4	6.953658885E-4	6.866910262E-4	5.880977842E-4	4.806617799E-4	4.098470381E-4	4.028701806E-4	4.174134810E-4	4.072460288E-4	4.348843941E-4	6.369454786E-4	8.139407146E-4	7.254715310E-4	6.896805717E-4	8.348131087E-4	8.788472041E-4	8.041633992E-4	6.710895104E-4	5.787138944E-4	6.608324475E-4	6.693052128E-4	4.945159308E-4	5.009787274E-4	6.780078402E-4	8.028708980E-4	9.806936141E-4	1.111843972E-3	1.050940366E-3	9.241538937E-4	7.977226051E-4
6.831144565E-4	5.660870811E-4	6.075072451E-4	6.283192197E-4	3.898051800E-4	2.475110814E-4	4.678095574E-4	7.566168206E-4	8.496483788E-4	7.427195087E-4	5.068630562E-4	3.387969919E-4	3.600773634E-4	4.335363046E-4	4.728013009E-4	5.815643235E-4	8.296854794E-4	9.903610917E-4	9.270262090E-4	9.291059687E-4	1.022832585E-3	1.007342245E-3	8.854658226E-4	6.101052859E-4	3.843927989E-4	5.143028102E-4	7.082958473E-4	6.747312727E-4	6.665769615E-4	7.511777803E-4	7.866096566E-4	8.560866700E-4	9.067507926E-4	8.655058919E-4	8.377667982E-4	8.330010460E-4
7.422150229E-4	6.569658290E-4	6.204166566E-4	6.041910965E-4	4.230419290E-4	3.570838016E-4	5.565429456E-4	7.637021481E-4	8.330270648E-4	7.416641456E-4	5.161218578E-4	3.767689632E-4	4.207757884E-4	4.648168106E-4	4.802154435E-4	5.937811220E-4	7.967216661E-4	9.245182737E-4	9.213807643E-4	9.249087889E-4	9.143172065E-4	8.723532665E-4	8.163913735E-4	5.701897899E-4	3.077843867E-4	4.200637050E-4	7.222451386E-4	8.164588944E-4	8.034605999E-4	8.147299523E-4	7.369344821E-4	6.376255769E-4	5.939120310E-4	6.597424508E-4	8.595483378E-4	9.881218430E-4
5.337988259E-4	4.568693403E-4	4.621111730E-4	5.849181325E-4	5.802439991E-4	5.723441718E-4	6.969099632E-4	8.004286792E-4	7.911085850E-4	6.690873997E-4	4.905950627E-4	4.277994740E-4	4.731717345E-4	4.304637259E-4	3.708910663E-4	4.448029795E-4	5.890120519E-4	7.069559069E-4	7.587937289E-4	7.353210822E-4	6.502699689E-4	6.270105368E-4	6.486941711E-4	4.931672593E-4	2.800622024E-4	3.663471434E-4	7.034035516E-4	8.983678417E-4	9.336644434E-4	9.567356319E-4	8.482207777E-4	6.710382295E-4	5.817636847E-4	6.612290745E-4	8.731964626E-4	9.621643112E-4
3.490568488E-4	2.842760005E-4	3.247931309E-4	5.449199816E-4	6.786982995E-4	6.446719053E-4	6.543667987E-4	7.672167267E-4	8.336484898E-4	7.376430440E-4	5.340264761E-4	4.525053955E-4	5.010099267E-4	3.988279495E-4	2.284277143E-4	2.613927645E-4	4.264410818E-4	5.664858618E-4	6.421533180E-4	6.251873565E-4	5.214181147E-4	4.520395887E-4	4.440665653E-4	3.792676725E-4	2.878438972E-4	3.741537512E-4	6.827476900E-4	9.297900833E-4	1.050703693E-3	1.156466780E-3	1.114951679E-3	9.635020397E-4	8.310253615E-4	7.371485699E-4	7.042810903E-4	6.991125410E-4
2.506990859E-4	2.077013050E-4	2.595300321E-4	4.748343490E-4	6.622564397E-4	5.895895301E-4	4.845524090E-4	6.039771251E-4	8.053955971E-4	8.351438446E-4	6.322550471E-4	5.033902125E-4	5.872132606E-4	4.837613960E-4	2.032252378E-4	1.719692955E-4	3.114184656E-4	3.779808176E-4	4.378436133E-4	5.246008513E-4	5.310090492E-4	4.729202774E-4	4.524820542E-4	4.646836896E-4	4.393555864E-4	4.585444112E-4	6.210282445E-4	7.732452941E-4	9.057492716E-4	1.093045576E-3	1.148027950E-3	1.047978643E-3	8.849272272E-4	6.527176010E-4	4.791821120E-4	5.374926259E-4
3.139386827E-4	2.103137231E-4	2.275982552E-4	4.131615860E-4	6.107180379E-4	5.430671736E-4	4.058333579E-4	4.681692808E-4	6.452745874E-4	7.348504732E-4	6.058454746E-4	5.085468874E-4	6.421802682E-4	5.847031716E-4	2.764486999E-4	1.819089375E-4	2.094744268E-4	1.255494426E-4	1.368491066E-4	3.226237895E-4	4.980838276E-4	5.874930066E-4	6.553364801E-4	6.983195781E-4	6.366055459E-4	5.768309929E-4	6.077841972E-4	5.942733842E-4	6.266041892E-4	8.125695167E-4	9.298390942E-4	8.882135153E-4	7.411105325E-4	5.197724677E-4	4.137241631E-4	5.945741432E-4
5.428582081E-4	3.281027020E-4	2.550566860E-4	4.061259388E-4	6.032434176E-4	5.732445861E-4	4.783686600E-4	4.670357157E-4	5.048342282E-4	5.590725923E-4	5.126837641E-4	4.709818750E-4	6.143191131E-4	6.255711196E-4	3.870257060E-4	2.761875221E-4	2.272841666E-4	6.592138379E-5	5.077114110E-5	2.580123546E-4	4.869290860E-4	6.337859086E-4	7.110273582E-4	7.121057133E-4	6.471006782E-4	6.733764894E-4	7.446060190E-4	6.345350412E-4	5.145395990E-4	5.893497146E-4	7.124008844E-4	7.634697831E-4	7.043449441E-4	5.932416534E-4	6.017923588E-4	7.836877485E-4
6.925598718E-4	3.795855155E-4	2.188883082E-4	3.654666943E-4	6.180109922E-4	6.823597942E-4	6.346344016E-4	5.283512874E-4	4.532988532E-4	4.932461889E-4	4.887399846E-4	4.496109905E-4	5.748964613E-4	6.640942884E-4	5.206759088E-4	4.057234910E-4	3.202313092E-4	1.660882990E-4	2.054177021E-4	4.401033802E-4	5.997616681E-4	6.248457357E-4	6.023208261E-4	5.784776877E-4	6.361621199E-4	8.507215534E-4	9.616607567E-4	7.418288151E-4	4.945683759E-4	4.707702610E-4	5.740380147E-4	6.992664421E-4	7.543053944E-4	8.027692675E-4	9.225801332E-4	1.017905073E-3
6.375928060E-4	2.848500153E-4	8.646444621E-5	2.352038282E-4	5.366469268E-4	7.001496269E-4	6.844681920E-4	4.988540895E-4	3.950418904E-4	4.888871335E-4	5.151162622E-4	4.579611123E-4	5.676288274E-4	7.108261925E-4	6.391475908E-4	5.242436309E-4	4.203386779E-4	2.955564996E-4	3.815048258E-4	6.000392605E-4	6.622997462E-4	5.952371284E-4	5.404180847E-4	5.589850480E-4	7.411904517E-4	1.028714934E-3	1.066045137E-3	7.603917620E-4	5.128164194E-4	4.950372968E-4	5.642668693E-4	6.740625831E-4	7.434511790E-4	8.244363125E-4	9.740204550E-4	1.024746103E-3
4.216212546E-4	1.656806126E-4	4.607505616E-5	2.111103531E-4	4.896937753E-4	6.638260093E-4	6.721307873E-4	5.113209481E-4	4.450411652E-4	5.610873923E-4	5.887064617E-4	5.127780023E-4	5.695109721E-4	6.882243906E-4	6.442578160E-4	5.234620767E-4	4.112550523E-4	3.289565793E-4	4.064081877E-4	5.419487716E-4	5.819834187E-4	5.859904923E-4	5.749209085E-4	5.844373954E-4	7.211840712E-4	8.938739193E-4	8.712770650E-4	6.660722429E-4	5.653059925E-4	6.047042552E-4	6.371444906E-4	7.080330397E-4	7.201547851E-4	6.687541609E-4	7.269760245E-4	8.081318229E-4
3.029276268E-4	1.832891430E-4	1.824297942E-4	3.842551378E-4	6.059259758E-4	6.953299744E-4	7.200340042E-4	7.023233338E-4	6.745936698E-4	6.578418543E-4	6.046884228E-4	5.217496073E-4	4.945498076E-4	5.189953372E-4	4.686860484E-4	3.503657354E-4	2.673623094E-4	2.721449709E-4	3.597450559E-4	4.449878470E-4	5.373399472E-4	6.531884428E-4	6.440156139E-4	5.561485887E-4	5.559627898E-4	5.855838535E-4	5.745578092E-4	5.590678775E-4	6.362767890E-4	7.384265191E-4	7.559353253E-4	8.017084911E-4	7.765413029E-4	6.469822256E-4	6.447337801E-4	7.249752525E-4
4.514711909E-4	3.435218823E-4	3.292200854E-4	5.187941133E-4	6.822625874E-4	6.643125671E-4	6.971326075E-4	8.374086465E-4	8.092439966E-4	5.957266549E-4	4.831062106E-4	4.957700148E-4	4.720073775E-4	4.122931568E-4	3.360726987E-4	2.659063903E-4	2.851324971E-4	3.630892024E-4	3.939239541E-4	4.075014149E-4	5.399136571E-4	7.225711597E-4	6.879662396E-4	5.072577042E-4	4.393119307E-4	4.613367491E-4	5.108152400E-4	6.046348717E-4	7.533595781E-4	8.521705167E-4	8.496788796E-4	8.677135338E-4	8.251139079E-4	7.404683274E-4	7.771336823E-4	7.895093295E-4
7.109378348E-4	5.391142331E-4	3.928689694E-4	5.033334019E-4	6.259818911E-4	5.622843164E-4	5.777590559E-4	7.584959385E-4	7.201019325E-4	4.353584955E-4	3.474151017E-4	5.168269854E-4	6.363824941E-4	5.985222524E-4	5.013283226E-4	4.649088369E-4	5.180800217E-4	5.119398702E-4	3.616361646E-4	2.802609524E-4	4.659261031E-4	7.346703205E-4	7.274316158E-4	5.174573744E-4	4.612943158E-4	5.657776492E-4	6.747212028E-4	7.782562752E-4	8.582881419E-4	8.358632913E-4	8.007444558E-4	8.345267852E-4	7.902935613E-4	7.507681730E-4	8.370634168E-4	8.308116812E-4
8.764629019E-4	6.518136943E-4	3.976165608E-4	4.326019261E-4	5.325036473E-4	4.978221259E-4	4.874644219E-4	5.963249714E-4	5.687270896E-4	3.550121037E-4	2.900195250E-4	4.848956014E-4	7.021862548E-4	7.285965839E-4	6.443040329E-4	6.363224238E-4	6.491371314E-4	5.222869804E-4	3.098983725E-4	2.656287106E-4	4.987489083E-4	7.839116151E-4	8.034624043E-4	6.310003810E-4	6.289305747E-4	7.849946269E-4	8.553029620E-4	8.542101714E-4	8.160778671E-4	7.207577000E-4	7.292121882E-4	8.180520381E-4	7.745236508E-4	7.410086691E-4	8.491880726E-4	8.908653399E-4
7.950304425E-4	5.706728552E-4	3.706816933E-4	4.337356950E-4	5.247064400E-4	5.441229441E-4	5.552729126E-4	5.913194036E-4	5.593738751E-4	4.482987279E-4	3.895575064E-4	4.194808134E-4	4.890245618E-4	4.776897840E-4	4.300334549E-4	5.137693370E-4	5.779361236E-4	4.770168161E-4	3.906559723E-4	4.912748118E-4	7.106448757E-4	8.652114775E-4	8.292649873E-4	7.001479971E-4	7.494722377E-4	9.218376363E-4	9.022358572E-4	7.349271327E-4	6.282526883E-4	6.216168986E-4	7.276419783E-4	8.158316487E-4	7.577737560E-4	7.377654547E-4	8.657287108E-4	9.487368516E-4
6.254446926E-4	4.517331254E-4	4.144674458E-4	5.750204436E-4	6.903205067E-4	7.406251389E-4	7.653306238E-4	7.702485891E-4	7.412019186E-4	7.350624655E-4	7.188665331E-4	5.348845152E-4	3.207315458E-4	2.122974693E-4	1.995546045E-4	3.479582956E-4	4.769767111E-4	4.410522815E-4	4.661743296E-4	6.856999826E-4	8.936048835E-4	9.030421497E-4	7.658255054E-4	6.309606251E-4	6.850376376E-4	8.812815649E-4	8.649206720E-4	6.265974371E-4	5.281219492E-4	6.439851713E-4	7.670869818E-4	7.800745079E-4	7.292433293E-4	7.325303159E-4	8.498030365E-4	9.551243857E-4
6.016048137E-4	4.685408785E-4	5.378329661E-4	7.609065506E-4	9.554909193E-4	1.011951827E-3	9.616323514E-4	9.499645676E-4	9.768434102E-4	1.052989857E-3	1.068680314E-3	7.748424541E-4	4.034895101E-4	2.606832422E-4	2.795647888E-4	4.108743451E-4	5.174428807E-4	5.109747290E-4	6.028981879E-4	8.731573471E-4	1.052630949E-3	9.590127738E-4	7.338323630E-4	5.450823810E-4	5.366354017E-4	7.257928955E-4	7.733338280E-4	5.705900257E-4	5.148879718E-4	7.080794312E-4	8.180591394E-4	7.840170292E-4	7.724018651E-4	7.732249214E-4	8.020465611E-4	8.832049207E-4
5.708470708E-4	5.143769085E-4	6.421445869E-4	8.764543454E-4	1.142330701E-3	1.224937383E-3	1.134524471E-3	1.116044237E-3	1.150931581E-3	1.175240963E-3	1.095312764E-3	7.709703059E-4	4.521870578E-4	3.889086947E-4	4.568848235E-4	5.704196519E-4	6.534273271E-4	6.707360153E-4	7.756334962E-4	9.751444450E-4	1.038476359E-3	8.889936726E-4	6.809041370E-4	4.785937781E-4	3.977625456E-4	5.629449734E-4	6.771965418E-4	5.405963748E-4	5.067739403E-4	7.363822078E-4	8.807947743E-4	8.246675134E-4	7.773789112E-4	7.336964482E-4	6.787130260E-4	7.099897484E-4
4.482679360E-4	5.281805061E-4	7.048337720E-4	9.063229081E-4	1.137367683E-3	1.260332763E-3	1.273759175E-3	1.267443411E-3	1.213579904E-3	1.111740596E-3	8.945696754E-4	5.759498454E-4	4.037084291E-4	4.193739442E-4	4.461199569E-4	5.274938303E-4	6.608776166E-4	7.163647097E-4	7.591688773E-4	8.303472423E-4	7.833916461E-4	6.453027599E-4	5.684287171E-4	4.455804592E-4	3.507176589E-4	5.375128821E-4	7.453243597E-4	6.986365188E-4	6.644902169E-4	8.451886242E-4	9.694496403E-4	8.445080020E-4	6.682747044E-4	5.656211870E-4	5.533047952E-4	6.411237409E-4
4.169439781E-4	5.940613337E-4	7.779049338E-4	9.209584678E-4	1.019913703E-3	1.093941275E-3	1.215250348E-3	1.256748219E-3	1.148967305E-3	1.012114924E-3	8.127547917E-4	6.119781756E-4	5.683056079E-4	5.294966977E-4	3.880294971E-4	4.321063752E-4	6.622287328E-4	7.384302444E-4	6.994854193E-4	7.143822731E-4	6.539892056E-4	5.473672063E-4	5.653243279E-4	5.098435795E-4	4.321783781E-4	6.445067702E-4	8.859060472E-4	8.984816377E-4	8.737789467E-4	9.276529890E-4	9.393781656E-4	8.060229593E-4	6.083593471E-4	4.629229370E-4	5.085674929E-4	7.258814876E-4
5.109243211E-4	6.868334603E-4	8.166389307E-4	9.164883522E-4	9.149208199E-4	8.508776082E-4	9.635168826E-4	1.098512672E-3	1.027081627E-3	9.006467299E-4	8.347171242E-4	8.619153523E-4	9.412397048E-4	8.342085639E-4	5.950203049E-4	6.451359950E-4	8.695789729E-4	8.437408251E-4	7.117832429E-4	6.957772421E-4	6.468493957E-4	5.775602185E-4	6.058347062E-4	5.426891730E-4	5.005414132E-4	7.144699339E-4	8.615044062E-4	8.459796081E-4	8.633713005E-4	8.363940869E-4	7.779811858E-4	7.785346825E-4	7.243094151E-4	5.312240100E-4	4.723145976E-4	7.207259187E-4
5.748983822E-4	6.319592940E-4	6.727621658E-4	7.903567748E-4	8.096491219E-4	6.395020173E-4	6.615279126E-4	8.416778874E-4	7.842015475E-4	6.263065734E-4	6.945934729E-4	9.655524045E-4	1.188712660E-3	1.103828661E-3	8.638334693E-4	8.896684740E-4	9.945915081E-4	8.612385718E-4	7.264009910E-4	6.923520123E-4	6.385149900E-4	6.305118441E-4	6.384603912E-4	5.110289785E-4	4.842866038E-4	6.753397756E-4	6.931992830E-4	6.020163419E-4	6.543580093E-4	6.716999342E-4	6.923510809E-4	8.431590977E-4	8.915244252E-4	6.487091305E-4	4.442497448E-4	6.452845992E-4
5.581776495E-4	4.072022566E-4	3.743672278E-4	5.269959802E-4	5.664480850E-4	3.759024548E-4	3.738069499E-4	5.356622278E-4	4.125061969E-4	1.901116921E-4	3.222780360E-4	7.097128546E-4	9.995984146E-4	9.643328376E-4	7.672362262E-4	7.846000954E-4	8.484254358E-4	7.625630824E-4	7.372922264E-4	7.225383888E-4	6.772398483E-4	7.357852301E-4	7.441707421E-4	5.641868920E-4	4.828394740E-4	6.034668186E-4	5.740874913E-4	4.440301564E-4	4.783067270E-4	5.856988137E-4	7.321295561E-4	8.871539612E-4	8.767787949E-4	6.512886612E-4	4.671575734E-4	6.201902288E-4
5.782847875E-4	2.422006219E-4	1.305909682E-4	2.297549654E-4	2.041122207E-4	1.068693309E-4	2.628772636E-4	4.376860161E-4	2.114764357E-4	NaN	NaN	2.940791310E-4	5.082821590E-4	5.278122262E-4	4.881183850E-4	5.910081090E-4	6.710653543E-4	6.662260857E-4	7.295401301E-4	7.225443260E-4	6.729589077E-4	7.445735391E-4	7.843399653E-4	6.462347810E-4	5.155265098E-4	5.634584813E-4	5.723348004E-4	4.653422220E-4	4.820889735E-4	6.451476947E-4	7.934537134E-4	7.847414236E-4	6.394516095E-4	4.931970616E-4	4.199872201E-4	4.971273593E-4
5.780303036E-4	1.968707802E-4	1.361133582E-5	3.649908103E-5	NaN	4.399730824E-5	3.355172521E-4	5.097442772E-4	2.510697523E-4	NaN	NaN	1.037076290E-4	1.795690769E-4	2.685960208E-4	4.571686150E-4	6.382969441E-4	6.456089905E-4	6.692443858E-4	8.170945221E-4	8.253477863E-4	7.172874175E-4	6.673355238E-4	6.498707226E-4	5.742750363E-4	4.810817773E-4	5.336654722E-4	5.835060729E-4	5.008968874E-4	5.626106285E-4	7.768750074E-4	8.346647955E-4	6.505920319E-4	4.231663188E-4	3.340866533E-4	3.041742602E-4	2.907341113E-4
3.848630877E-4	1.204417131E-4	NaN	4.110174268E-5	1.001551936E-4	1.809489186E-4	3.839487035E-4	5.183593021E-4	3.892085515E-4	1.957990462E-4	1.609960309E-4	1.229181216E-4	6.309495802E-5	2.310415439E-4	6.214253372E-4	8.554302622E-4	7.817687583E-4	8.149801870E-4	1.032063854E-3	1.066982164E-3	9.034746909E-4	7.018690812E-4	5.492664059E-4	4.495715839E-4	3.883773752E-4	4.578135558E-4	5.210118252E-4	4.881520290E-4	6.477793795E-4	9.198982152E-4	9.383443976E-4	7.194486680E-4	4.883714719E-4	3.827034088E-4	3.168999392E-4	2.473833156E-4
2.145591861E-4	1.100918744E-4	9.000175487E-5	2.146580955E-4	3.309586318E-4	3.812939685E-4	4.742088204E-4	6.180416676E-4	6.353852805E-4	5.274596624E-4	3.808243200E-4	1.334465487E-4	NaN	1.638241520E-4	5.861703539E-4	8.247758960E-4	7.878047763E-4	8.697695448E-4	1.099466230E-3	1.161021297E-3	1.046286314E-3	8.692875272E-4	6.753767957E-4	4.762704775E-4	3.177457547E-4	3.114700376E-4	4.076167243E-4	5.278239259E-4	7.769144722E-4	1.031188411E-3	1.070291037E-3	9.579445468E-4	7.945057587E-4	6.498566363E-4	5.050905747E-4	3.800312406E-4
3.463902103E-4	3.198164050E-4	3.537687298E-4	3.912348184E-4	4.512516316E-4	5.465013091E-4	6.891979720E-4	8.861751994E-4	9.235010366E-4	7.776257116E-4	5.773922312E-4	2.740804048E-4	6.260566443E-5	1.411656413E-4	3.397386172E-4	4.490463180E-4	4.976611817E-4	6.816493114E-4	9.419438429E-4	1.060012146E-3	1.050974010E-3	1.006169594E-3	8.514879155E-4	5.622676108E-4	3.324628633E-4	3.027022467E-4	4.466613755E-4	6.613218575E-4	8.607963100E-4	9.768176824E-4	1.029856736E-3	1.069055172E-3	1.017840346E-3	8.812714950E-4	6.627161056E-4	4.320494190E-4
6.212071748E-4	5.991934449E-4	6.082213949E-4	4.960345686E-4	4.820583563E-4	6.548332749E-4	8.514349465E-4	1.054872992E-3	1.081198337E-3	9.315286297E-4	8.063175483E-4	5.952452775E-4	3.664398973E-4	2.887375013E-4	2.663220512E-4	2.582542947E-4	3.344982979E-4	5.405505071E-4	8.087271708E-4	9.732900071E-4	1.017531496E-3	1.039313735E-3	9.058004944E-4	6.175811286E-4	5.095403176E-4	6.101253675E-4	7.411186234E-4	8.378394414E-4	8.465317660E-4	7.863952778E-4	8.170410292E-4	9.394004592E-4	9.334651986E-4	8.058634121E-4	6.042693276E-4	3.385026066E-4
7.768086507E-4	7.310736110E-4	7.309532375E-4	5.932984059E-4	5.620844313E-4	7.402102347E-4	8.853774052E-4	1.032740227E-3	1.091575017E-3	1.006659353E-3	9.372017812E-4	7.664476288E-4	5.069095641E-4	3.522690968E-4	2.956884564E-4	3.182503569E-4	4.150782770E-4	5.485894508E-4	7.182116969E-4	8.484276477E-4	9.050729568E-4	9.528507944E-4	8.591848309E-4	6.679202197E-4	7.105141412E-4	8.868394652E-4	9.345275466E-4	8.757627220E-4	7.497523329E-4	5.889920285E-4	5.812890013E-4	7.280064165E-4	7.246687892E-4	5.913800560E-4	5.011231988E-4	3.605051024E-4
7.909893175E-4	6.799644325E-4	6.812228821E-4	6.299818051E-4	6.079648738E-4	7.392819389E-4	8.298205794E-4	9.239741485E-4	1.031391905E-3	1.029620995E-3	9.326061700E-4	6.946590729E-4	4.116779601E-4	2.618743747E-4	2.313712030E-4	3.122634080E-4	4.704450839E-4	5.791729200E-4	6.202905206E-4	6.363228895E-4	6.594777806E-4	7.007267559E-4	6.824079319E-4	6.571956910E-4	7.707328186E-4	8.960686973E-4	8.863988915E-4	8.007566212E-4	6.751522305E-4	5.228122463E-4	5.150897196E-4	6.763203419E-4	6.709748413E-4	4.829577229E-4	4.272644001E-4	4.277711851E-4
7.894050796E-4	5.589081557E-4	5.018343800E-4	5.200890591E-4	5.190550000E-4	6.358698593E-4	7.507452392E-4	8.371977601E-4	9.459316498E-4	9.543185588E-4	7.801398169E-4	4.900558852E-4	2.985055326E-4	2.759241324E-4	2.804479736E-4	3.260262019E-4	4.644303699E-4	5.845724372E-4	6.125009386E-4	5.742601352E-4	5.108552868E-4	4.482252407E-4	4.716365074E-4	6.226488622E-4	7.755801780E-4	8.332819561E-4	8.500639233E-4	8.597860578E-4	8.051079931E-4	6.944659981E-4	6.907142233E-4	7.985848351E-4	6.981964689E-4	3.794724471E-4	2.486577432E-4	3.143683134E-4
