4.351763346E-4	2.436865325E-4	NaN	NaN	NaN	NaN	NaN	NaN	NaN	2.706875966E-4	5.012522452E-4	5.406294949E-4	4.259985581E-4	3.966129152E-4	3.563470091E-4	2.495123190E-4	3.546072112E-4	6.378972321E-4	8.281186456E-4	9.778391104E-4	1.106896205E-3	9.953452973E-4	6.838238332E-4	5.509617040E-4	7.436846499E-4
5.142035079E-4	2.056056546E-4	NaN	NaN	NaN	NaN	NaN	NaN	NaN	4.688378540E-4	5.498012179E-4	5.536972312E-4	5.164530012E-4	5.295636947E-4	4.649528710E-4	3.255486954E-4	4.071067960E-4	6.310879835E-4	7.561072707E-4	8.961690473E-4	1.036211499E-3	9.369118488E-4	6.157036987E-4	3.642465163E-4	4.229634942E-4
5.934309447E-4	NaN	NaN	NaN	NaN	NaN	NaN	NaN	NaN	3.947198275E-4	3.984479699E-4	4.135023628E-4	4.228136386E-4	4.434532020E-4	4.236811947E-4	3.894652764E-4	4.616994411E-4	5.427152500E-4	6.170968409E-4	8.015588392E-4	9.305252461E-4	8.462086553E-4	6.090846728E-4	3.140632762E-4	2.147003834E-4
NaN	NaN	NaN	NaN	NaN	NaN	NaN	NaN	3.867616178E-4	3.418025735E-4	2.808204736E-4	2.615083067E-4	2.700584009E-4	3.228253045E-4	4.094887117E-4	4.903033841E-4	5.217150319E-4	4.565087438E-4	4.851695849E-4	6.897554267E-4	8.159346762E-4	7.810549578E-4	6.269717123E-4	3.331517510E-4	1.635464578E-4
NaN	NaN	NaN	NaN	NaN	NaN	NaN	NaN	4.972767783E-4	4.886081442E-4	3.433003440E-4	2.339689818E-4	2.446937724E-4	3.672324819E-4	5.362827796E-4	6.591798738E-4	6.711290916E-4	5.569201894E-4	5.167208146E-4	6.246816483E-4	7.254901575E-4	7.634171634E-4	6.640593056E-4	4.417983000E-4	3.814065713E-4
NaN	NaN	NaN	NaN	NaN	NaN	NaN	NaN	5.324383965E-4	6.099166931E-4	4.542775278E-4	2.833381586E-4	2.645590284E-4	3.959565365E-4	5.857422366E-4	7.199865067E-4	7.537674974E-4	6.707741995E-4	5.989921046E-4	6.124546635E-4	6.899336004E-4	7.788186776E-4	6.796563976E-4	5.189154763E-4	6.447244086E-4
NaN	NaN	NaN	NaN	NaN	NaN	NaN	NaN	5.244013737E-4	6.305293646E-4	5.031247274E-4	3.233398893E-4	2.428683219E-4	3.256236087E-4	5.194595433E-4	6.554702413E-4	6.879175198E-4	6.531853578E-4	6.522001931E-4	6.770506152E-4	7.216815720E-4	7.819418097E-4	6.183019141E-4	4.387804947E-4	6.567981909E-4
NaN	NaN	NaN	NaN	NaN	NaN	NaN	NaN	5.715722218E-4	6.648309645E-4	5.553461961E-4	4.232142528E-4	3.259725345E-4	3.739658277E-4	5.654948181E-4	6.955626886E-4	7.278475678E-4	7.106194389E-4	7.221504929E-4	7.159447414E-4	6.852516672E-4	6.838002591E-4	4.916143371E-4	3.327028826E-4	5.731002311E-4
NaN	NaN	NaN	NaN	NaN	NaN	NaN	NaN	4.792166874E-4	6.012196536E-4	5.827738205E-4	5.788193666E-4	5.150254001E-4	5.143886665E-4	6.441498408E-4	7.681605639E-4	8.558699046E-4	8.176623378E-4	7.176382351E-4	6.445115432E-4	5.989085184E-4	5.862706457E-4	4.285388859E-4	3.456984705E-4	5.836130003E-4
NaN	NaN	NaN	NaN	NaN	NaN	NaN	NaN	3.344319994E-4	4.531303421E-4	5.404597032E-4	6.496102433E-4	6.176684401E-4	5.608685897E-4	5.814916804E-4	6.566860829E-4	7.861252525E-4	7.805291098E-4	7.096188492E-4	6.996554439E-4	6.599841872E-4	6.085675559E-4	4.997370997E-4	4.751089728E-4	6.597104948E-4
NaN	NaN	NaN	NaN	NaN	NaN	NaN	NaN	3.801571438E-4	3.960513859E-4	4.645262088E-4	5.723063368E-4	5.698063178E-4	5.333057488E-4	5.102755968E-4	5.054266658E-4	5.838256911E-4	6.921307649E-4	8.644144982E-4	9.381342097E-4	7.428508252E-4	5.743505317E-4	5.437125219E-4	5.631492822E-4	6.515062996E-4
NaN	NaN	NaN	NaN	NaN	NaN	NaN	NaN	3.956893634E-4	3.112008853E-4	3.287132713E-4	4.219939001E-4	4.645046429E-4	4.903686931E-4	5.201038439E-4	4.978879588E-4	4.775412672E-4	6.393680233E-4	9.785962757E-4	1.009249827E-3	6.236290792E-4	3.872203233E-4	4.292755912E-4	4.753610119E-4	4.850649275E-4
NaN	NaN	NaN	NaN	NaN	NaN	NaN	3.419528657E-4	2.324469679E-4	1.874200825E-4	2.628319198E-4	3.779058752E-4	3.916487913E-4	3.656875342E-4	4.270889913E-4	4.836785956E-4	4.412287381E-4	5.372486194E-4	8.167185588E-4	7.960126386E-4	4.389909736E-4	2.290625416E-4	2.598205174E-4	3.466678609E-4	3.773476928E-4
NaN	NaN	NaN	NaN	NaN	NaN	3.683726827E-4	2.771118889E-4	1.988521544E-4	2.967807231E-4	4.462408251E-4	5.081957206E-4	3.829606576E-4	2.030839823E-4	2.304831723E-4	4.142004182E-4	4.852796264E-4	5.186101771E-4	6.464533508E-4	6.379212136E-4	4.314349499E-4	2.369279973E-4	2.052351629E-4	3.647931444E-4	4.648909380E-4
2.572841768E-4	NaN	NaN	NaN	NaN	2.851808676E-4	4.834853462E-4	4.035726015E-4	3.928855003E-4	5.304552033E-4	6.216042675E-4	6.021630252E-4	4.450740817E-4	2.304098889E-4	2.136391849E-4	4.374323471E-4	6.137827295E-4	6.544524804E-4	6.977507728E-4	6.894608377E-4	5.375837209E-4	3.390839265E-4	3.002483281E-4	4.805560457E-4	5.532606156E-4
2.486101293E-4	NaN	NaN	NaN	NaN	4.535230983E-4	6.014380488E-4	5.745019298E-4	5.870502209E-4	5.966210156E-4	5.354838795E-4	5.246069632E-4	5.162149318E-4	4.099031503E-4	3.602948273E-4	5.005737767E-4	6.665063556E-4	7.421253249E-4	7.901099743E-4	7.437173626E-4	5.576399853E-4	4.055214231E-4	4.264910240E-4	5.450536264E-4	5.252261180E-4
2.007892326E-4	1.773365220E-4	NaN	NaN	4.057039623E-4	5.874652416E-4	6.795700174E-4	7.120406954E-4	7.392431144E-4	6.190222921E-4	4.550751473E-4	4.848388198E-4	5.605290062E-4	4.929169663E-4	4.330161319E-4	5.344339297E-4	6.743557169E-4	7.448157412E-4	7.655844674E-4	6.687393761E-4	4.887022078E-4	4.088836140E-4	4.631665943E-4	5.332238507E-4	5.048546591E-4
6.159280019E-5	4.070758587E-5	NaN	NaN	3.975497093E-4	5.223189946E-4	6.220552605E-4	7.175336941E-4	8.056559600E-4	7.277741097E-4	6.068588118E-4	6.469652290E-4	6.485017366E-4	5.024191341E-4	4.603105190E-4	6.149443216E-4	7.622984122E-4	7.856057491E-4	7.203130517E-4	5.966573372E-4	4.759836884E-4	3.967979574E-4	4.097841738E-4	5.189052899E-4	5.778267514E-4
4.035496386E-5	NaN	NaN	NaN	3.126415832E-4	4.234815424E-4	5.292202695E-4	6.149554392E-4	7.589683519E-4	8.156433469E-4	8.041204419E-4	8.623851463E-4	7.996714558E-4	5.775035243E-4	5.095947417E-4	6.505723577E-4	7.983970572E-4	8.555018576E-4	8.002371760E-4	6.920071901E-4	5.829337169E-4	4.197663511E-4	3.580168996E-4	5.003682454E-4	6.217568298E-4
1.620822586E-4	4.377551886E-5	NaN	NaN	2.968187910E-4	4.853074497E-4	5.666334182E-4	5.771869910E-4	6.901026354E-4	7.676260429E-4	8.040309767E-4	9.299629601E-4	9.256618796E-4	6.963619380E-4	5.240764585E-4	5.298074102E-4	6.683381507E-4	8.400919614E-4	8.701809566E-4	7.783037727E-4	6.470885710E-4	4.662473511E-4	4.112601164E-4	5.262640771E-4	6.288100267E-4
2.651483810E-4	NaN	NaN	NaN	3.143092617E-4	5.108200130E-4	5.081719719E-4	4.544482217E-4	5.261075567E-4	5.763659719E-4	6.361025153E-4	8.246492362E-4	9.155831067E-4	7.778381696E-4	5.694153369E-4	4.501011863E-4	5.480968393E-4	7.323358441E-4	7.582230610E-4	6.798211834E-4	5.796496407E-4	4.827210796E-4	5.443163100E-4	7.018094766E-4	7.881809142E-4
3.303062986E-4	NaN	NaN	NaN	2.436204377E-4	3.292091715E-4	2.530057682E-4	2.087254543E-4	3.106135409E-4	3.877546405E-4	4.611716431E-4	6.261191447E-4	7.576654898E-4	7.817711448E-4	6.730627501E-4	5.121087306E-4	5.283756764E-4	6.209692219E-4	6.221309304E-4	6.111963885E-4	5.418393994E-4	4.506680707E-4	5.816441844E-4	8.551236824E-4	9.980440373E-4
2.370117145E-4	3.456427366E-4	NaN	NaN	1.165138747E-4	1.638996473E-4	1.047629703E-4	8.615281695E-5	2.044476860E-4	2.726540260E-4	2.938387333E-4	4.057310871E-4	5.783141241E-4	7.336133276E-4	7.296878612E-4	5.987580516E-4	5.763343070E-4	6.181217032E-4	6.628405536E-4	7.133638137E-4	6.012596423E-4	4.508673155E-4	5.655968562E-4	8.662616601E-4	1.075009699E-3
1.507406887E-5	1.637583628E-4	2.060234547E-4	1.198408863E-4	1.561378303E-4	2.729267580E-4	2.088519104E-4	1.373020787E-4	2.178050199E-4	2.245069045E-4	1.554747432E-4	2.457551891E-4	4.728342465E-4	6.689804140E-4	7.289692876E-4	7.315803668E-4	7.659661351E-4	7.656034431E-4	7.948006387E-4	8.327770047E-4	7.244027220E-4	6.515433779E-4	7.481112261E-4	9.051267989E-4	1.095707878E-3
5.750776381E-6	5.566740947E-5	1.265513420E-4	2.111055510E-4	3.844993480E-4	5.301491474E-4	4.403717467E-4	3.234875330E-4	3.436232510E-4	2.658533631E-4	1.087219061E-4	1.527428249E-4	3.612395085E-4	5.401178496E-4	6.820728304E-4	8.808058919E-4	1.005118946E-3	9.333579219E-4	8.708506939E-4	8.806973347E-4	8.819493814E-4	9.770569159E-4	1.036778325E-3	9.743984556E-4	1.093265368E-3
1.833801216E-4	1.575144270E-4	2.536548709E-4	4.162062251E-4	5.713576684E-4	6.675238255E-4	6.440281868E-4	5.725399242E-4	4.984100233E-4	3.187849070E-4	1.141425455E-4	7.340923185E-5	1.703236485E-4	3.179261694E-4	5.527825560E-4	8.888206212E-4	1.087946817E-3	1.044018078E-3	9.870827198E-4	9.998416062E-4	1.061573857E-3	1.210893504E-3	1.217067358E-3	1.025144244E-3	1.068443642E-3
3.358825052E-4	3.203717060E-4	4.708203778E-4	6.428406341E-4	6.972454139E-4	7.036981988E-4	7.455363520E-4	7.253199001E-4	5.554510280E-4	3.029202344E-4	1.078741188E-4	2.020865759E-5	2.307019713E-5	1.526005653E-4	4.388574453E-4	7.982314564E-4	1.015831018E-3	1.065819757E-3	1.120504923E-3	1.192681608E-3	1.252772752E-3	1.351306448E-3	1.349392347E-3	1.154239872E-3	1.083631185E-3
4.807700170E-4	4.991104943E-4	6.841217983E-4	8.791859145E-4	9.087965591E-4	8.373928140E-4	8.166670450E-4	7.536843768E-4	5.402787356E-4	2.777324116E-4	1.128479562E-4	7.140093658E-5	1.058691705E-4	2.385633416E-4	5.019474775E-4	7.997701759E-4	9.594626608E-4	1.005747356E-3	1.107748249E-3	1.245044055E-3	1.299093245E-3	1.332837855E-3	1.381760463E-3	1.289547421E-3	1.145638525E-3
6.153706927E-4	6.421176950E-4	7.619174430E-4	9.440948488E-4	1.049070619E-3	9.956985014E-4	8.731620037E-4	7.146233693E-4	5.141631118E-4	3.037573770E-4	1.748264476E-4	2.223177580E-4	3.555254079E-4	4.917860497E-4	6.823239964E-4	9.093510453E-4	1.035211259E-3	1.043896424E-3	1.112310681E-3	1.236077282E-3	1.221638173E-3	1.150150201E-3	1.213996089E-3	1.244462561E-3	1.129086129E-3
7.460952620E-4	7.633191417E-4	7.571632741E-4	8.654874982E-4	1.012155903E-3	9.578168392E-4	7.731450023E-4	6.383791915E-4	5.526187597E-4	4.191825574E-4	2.890367177E-4	3.273512702E-4	4.659958358E-4	6.008815835E-4	7.621835684E-4	9.742747061E-4	1.142359339E-3	1.163954148E-3	1.186080393E-3	1.263408572E-3	1.194275683E-3	1.024314086E-3	9.934942937E-4	1.010356937E-3	9.125093347E-4
7.998911897E-4	8.049679454E-4	7.623747806E-4	8.593302919E-4	9.685909608E-4	7.776479470E-4	5.465595750E-4	5.966147291E-4	7.030584966E-4	6.086186040E-4	4.355160636E-4	3.628892300E-4	3.687740245E-4	4.933876917E-4	7.250139606E-4	9.856737452E-4	1.195421093E-3	1.197932521E-3	1.120529720E-3	1.144265174E-3	1.100911759E-3	9.046894847E-4	7.456755848E-4	6.690238952E-4	6.090722745E-4
7.084116805E-4	6.653243909E-4	6.581866182E-4	8.112842916E-4	9.087307262E-4	6.616203464E-4	4.698603589E-4	6.679609651E-4	8.378025959E-4	7.178251981E-4	5.773066659E-4	4.744706093E-4	3.263929393E-4	3.936860303E-4	6.848506164E-4	9.724214906E-4	1.186360721E-3	1.167055103E-3	9.963932680E-4	9.429186466E-4	8.887074655E-4	6.653306773E-4	4.216368834E-4	2.961659920E-4	3.404609452E-4
6.530613173E-4	5.357332993E-4	5.377724301E-4	7.256207173E-4	8.485466824E-4	6.956744473E-4	5.866197753E-4	7.552923053E-4	8.399205399E-4	7.066553226E-4	6.854375242E-4	6.678997306E-4	4.568293807E-4	4.240949638E-4	6.235399051E-4	8.152530063E-4	1.013756148E-3	1.069038874E-3	9.399256087E-4	8.563828887E-4	7.643307908E-4	5.340057542E-4	2.824505209E-4	1.316185371E-4	1.985682611E-4
6.851144135E-4	5.148110213E-4	5.401728558E-4	7.720262511E-4	8.953092038E-4	7.868681569E-4	6.655824254E-4	7.402348565E-4	8.170534275E-4	7.471177960E-4	7.728695055E-4	7.919978234E-4	6.046133931E-4	4.968434805E-4	5.040082033E-4	5.266970256E-4	6.985896034E-4	8.588985074E-4	8.482407429E-4	8.187282365E-4	7.817723090E-4	6.493939436E-4	4.619219981E-4	2.850559249E-4	2.634581178E-4
6.797648384E-4	5.374631146E-4	6.603972288E-4	9.246458649E-4	9.772063931E-4	8.471572073E-4	7.088714046E-4	7.398011512E-4	8.455280331E-4	8.123650914E-4	7.962527452E-4	7.884012884E-4	6.423816667E-4	5.170556251E-4	4.276343971E-4	3.816570679E-4	5.145343603E-4	6.763127167E-4	7.280739956E-4	7.831840194E-4	8.688421804E-4	8.712766576E-4	7.487428957E-4	5.467988667E-4	4.132567265E-4
6.948644295E-4	6.612353027E-4	8.810413419E-4	1.077135676E-3	9.927492356E-4	8.635697304E-4	7.849620306E-4	7.509363932E-4	7.221975829E-4	6.438991986E-4	6.655577454E-4	6.884240429E-4	5.487882881E-4	4.683787993E-4	5.102258874E-4	5.579426070E-4	6.191767170E-4	6.816472742E-4	7.576193893E-4	8.906888543E-4	1.025449717E-3	1.035313122E-3	9.009612259E-4	6.899253349E-4	5.056063528E-4
