1.096637454E-3	1.014799112E-3	1.004587975E-3	1.047418569E-3	1.027898514E-3	8.938610554E-4	7.817345904E-4	8.298594039E-4	8.826598641E-4	9.591777925E-4	1.083691255E-3	1.061773044E-3	9.519895539E-4	8.436025819E-4	7.448676042E-4	7.457000320E-4	6.875884137E-4	5.552469520E-4	6.023796741E-4	6.848254707E-4	6.098600570E-4	5.736440071E-4	6.914327387E-4	8.255362627E-4	9.352779016E-4	1.043042052E-3	1.074785017E-3	9.627836407E-4	6.927925861E-4	4.598649684E-4	4.690957430E-4
1.107926480E-3	1.055961940E-3	1.049792976E-3	1.094675041E-3	1.091076410E-3	9.033084498E-4	6.629868294E-4	6.393751246E-4	7.066627149E-4	7.491401047E-4	7.900560740E-4	7.862995262E-4	7.844269858E-4	7.599426899E-4	7.356403512E-4	7.882422651E-4	6.628037081E-4	4.257973633E-4	4.887255491E-4	6.785847945E-4	7.023238577E-4	7.186334115E-4	8.685726207E-4	1.019569114E-3	1.095446059E-3	1.117546111E-3	1.076538116E-3	1.007856918E-3	8.572592051E-4	6.378189428E-4	5.512016942E-4
8.297847817E-4	8.557813708E-4	1.005567145E-3	1.157146879E-3	1.116884523E-3	8.524354198E-4	6.131672417E-4	6.059940206E-4	6.199805648E-4	5.515999510E-4	5.327641265E-4	5.718062748E-4	5.908977473E-4	5.610644585E-4	6.233575987E-4	7.588987355E-4	6.316801882E-4	3.984315845E-4	4.493846209E-4	5.738561158E-4	5.726133822E-4	6.255879416E-4	8.292261045E-4	1.002585981E-3	1.026968937E-3	9.826711612E-4	9.294835036E-4	9.430568316E-4	9.328388842E-4	7.137578214E-4	4.522315867E-4
5.737771280E-4	6.537991576E-4	9.278645739E-4	1.115457620E-3	9.963383200E-4	7.493782323E-4	6.490537198E-4	6.998862955E-4	6.359383115E-4	4.576884385E-4	4.034743470E-4	4.834249557E-4	4.964193213E-4	4.273676604E-4	5.198874860E-4	6.758071249E-4	5.478636594E-4	3.734617203E-4	4.243253206E-4	4.375573481E-4	3.849781933E-4	4.743388563E-4	6.857900880E-4	8.186107734E-4	8.066138835E-4	7.760141161E-4	7.535770419E-4	7.886007079E-4	8.216643473E-4	6.009895005E-4	2.380994265E-4
4.136374628E-4	4.928085255E-4	7.501557120E-4	8.785763057E-4	7.366139907E-4	5.877733929E-4	5.871987087E-4	6.358307437E-4	5.500271218E-4	3.877848503E-4	3.657302004E-4	4.949800787E-4	5.625741906E-4	5.149501376E-4	5.698067253E-4	6.581039634E-4	5.168790231E-4	3.650685539E-4	3.619547933E-4	2.754071320E-4	2.272780112E-4	4.073753080E-4	6.314917118E-4	7.038121112E-4	6.872092490E-4	7.084268145E-4	6.873650709E-4	6.376795354E-4	5.857759388E-4	3.596904571E-4	5.308893742E-5
3.552421113E-4	4.951909650E-4	7.094052271E-4	7.635094807E-4	6.552240229E-4	5.771485739E-4	5.417974317E-4	5.275115254E-4	4.961097147E-4	4.472625151E-4	4.519551585E-4	5.371030420E-4	6.370447227E-4	6.812678184E-4	7.134945481E-4	7.102562813E-4	5.621496239E-4	4.166746803E-4	3.567317908E-4	2.227838559E-4	2.030674077E-4	4.592457844E-4	7.007264649E-4	7.425117656E-4	7.378871669E-4	7.800524472E-4	7.079690113E-4	5.258171004E-4	3.517658624E-4	1.186978188E-4	NaN
5.398205249E-4	7.234804798E-4	8.757513133E-4	8.703846834E-4	8.053636411E-4	7.526773261E-4	6.441309233E-4	5.718746106E-4	5.854045157E-4	6.127894740E-4	6.324547576E-4	6.615431630E-4	7.253795629E-4	7.974583423E-4	8.211228997E-4	7.751733065E-4	6.304132985E-4	4.953226889E-4	4.500410287E-4	3.288214502E-4	2.549508645E-4	4.524237884E-4	6.901494926E-4	7.300385623E-4	6.874401588E-4	6.941684405E-4	6.118236342E-4	4.081721709E-4	2.520141134E-4	1.158713349E-4	NaN
7.337761344E-4	8.534712251E-4	8.731943672E-4	8.161793812E-4	8.071864140E-4	8.124518208E-4	7.368628867E-4	6.895940169E-4	6.814271328E-4	6.519978051E-4	7.061645156E-4	8.252728730E-4	8.402815438E-4	7.316598785E-4	6.410210044E-4	6.758056115E-4	6.928280345E-4	6.104530767E-4	5.575426039E-4	4.140163364E-4	1.961111411E-4	2.339482307E-4	4.613393976E-4	5.196760176E-4	3.908462822E-4	3.352624481E-4	3.395746753E-4	2.997194242E-4	3.288514854E-4	3.514370183E-4	2.483722637E-4
6.793159409E-4	7.498560590E-4	6.561678601E-4	5.531031056E-4	6.128285313E-4	7.176099462E-4	7.098653005E-4	6.942882901E-4	6.518911105E-4	5.563798477E-4	6.788719329E-4	9.679049836E-4	9.689349681E-4	5.866124993E-4	2.592923120E-4	3.898338182E-4	6.862711743E-4	6.918737199E-4	5.579312565E-4	3.845797910E-4	1.273013331E-4	7.102677046E-5	2.610931406E-4	3.099792229E-4	1.094550680E-4	NaN	6.426607433E-5	1.641416748E-4	3.040317679E-4	3.813724034E-4	3.215923207E-4
5.014301860E-4	6.232603337E-4	5.547017790E-4	4.369864764E-4	5.229951930E-4	6.724884151E-4	6.402941071E-4	5.806447589E-4	5.537874531E-4	5.149894278E-4	6.886332994E-4	1.012615743E-3	1.029764884E-3	5.819192156E-4	1.137516374E-4	2.141009172E-4	6.291568279E-4	6.677972269E-4	4.600366810E-4	3.413463710E-4	2.306976967E-4	2.027923911E-4	3.272841568E-4	3.395681269E-4	1.208253598E-4	NaN	NaN	1.808053639E-5	1.334338158E-4	2.521539573E-4	3.438139684E-4
4.078504571E-4	5.680021713E-4	5.807656562E-4	4.783712793E-4	5.318486365E-4	6.566147204E-4	6.119362661E-4	5.559994606E-4	5.829576403E-4	6.274180487E-4	7.564804400E-4	9.291686001E-4	9.577454766E-4	7.060749340E-4	3.477632126E-4	3.530302201E-4	6.099762977E-4	5.441262037E-4	3.014848626E-4	2.775547619E-4	3.348576720E-4	3.661364608E-4	4.588871379E-4	NaN	NaN	NaN	NaN	NaN	9.730958118E-5	2.980122808E-4	5.523799337E-4
4.264024319E-4	5.293149734E-4	5.756184109E-4	5.225600908E-4	5.351588479E-4	5.938358954E-4	5.954200751E-4	6.466616178E-4	7.609526510E-4	8.820664370E-4	9.653843590E-4	9.575035074E-4	8.981161518E-4	7.877191529E-4	6.505302154E-4	6.346239243E-4	5.973723019E-4	3.072332474E-4	5.843073450E-5	1.165626236E-4	2.354987228E-4	NaN	NaN	NaN	NaN	NaN	NaN	1.779038721E-4	1.691741491E-4	3.584333172E-4	6.396374083E-4
4.910269054E-4	5.322209909E-4	6.386581226E-4	6.785393925E-4	6.565084914E-4	6.063454202E-4	5.771534052E-4	6.653547171E-4	8.416305063E-4	1.045935904E-3	1.163072069E-3	1.084167394E-3	8.754075388E-4	7.021944039E-4	6.987195811E-4	7.472312427E-4	5.221018218E-4	8.150286158E-5	NaN	3.646502591E-5	1.446942624E-4	1.585259015E-4	NaN	NaN	NaN	NaN	NaN	2.507242316E-4	1.746744674E-4	2.788634156E-4	5.073361681E-4
6.204635720E-4	6.121193874E-4	7.597309886E-4	8.540708805E-4	8.284907672E-4	7.451020065E-4	6.483058678E-4	6.415411481E-4	7.632340421E-4	9.320827085E-4	1.040845294E-3	1.017860486E-3	8.222971228E-4	5.959328846E-4	5.840088124E-4	6.740904064E-4	5.016300129E-4	1.440660126E-4	5.572124064E-5	2.157120907E-4	2.647940419E-4	2.376322082E-4	3.146431118E-4	4.123121034E-4	4.526038247E-4	4.437449388E-4	3.634738387E-4	2.473565110E-4	1.906770485E-4	2.533181105E-4	4.166364670E-4
8.595291874E-4	7.686391473E-4	8.063287823E-4	8.374087629E-4	8.377182530E-4	8.444755222E-4	7.812748081E-4	7.019126788E-4	7.094027824E-4	7.322244928E-4	7.770273951E-4	8.835883928E-4	8.452736656E-4	6.242858944E-4	5.087944446E-4	5.955211236E-4	6.205057725E-4	4.489503335E-4	3.628147242E-4	4.119241785E-4	3.441344597E-4	2.404315310E-4	2.789346036E-4	3.829164198E-4	4.524771357E-4	4.318698484E-4	3.284102422E-4	2.346628025E-4	2.062259300E-4	2.780760988E-4	4.098264617E-4
1.090208068E-3	9.595354786E-4	8.541223942E-4	7.904110244E-4	7.867430686E-4	8.236017893E-4	7.929839776E-4	6.929177325E-4	6.025994080E-4	5.171159864E-4	5.997594562E-4	8.948348695E-4	9.687079000E-4	6.830766215E-4	4.604138667E-4	5.469140597E-4	6.906418130E-4	6.035672850E-4	4.634893558E-4	4.043746158E-4	2.747943799E-4	1.525757980E-4	1.966517593E-4	3.667434503E-4	5.091957282E-4	4.799503076E-4	3.459793516E-4	2.222924231E-4	1.324925397E-4	1.646541059E-4	2.918899118E-4
1.088889432E-3	1.000414253E-3	8.703962667E-4	8.135159733E-4	8.486238075E-4	8.643508190E-4	7.916915347E-4	6.444701576E-4	4.648313043E-4	3.060681338E-4	4.310205404E-4	8.386588888E-4	9.608994587E-4	6.622885703E-4	4.463009245E-4	5.026211729E-4	5.826261477E-4	5.270291003E-4	4.750228836E-4	4.560844973E-4	3.518181911E-4	2.707932726E-4	3.186199174E-4	4.650003684E-4	5.839815130E-4	5.216498394E-4	3.900425218E-4	2.749757550E-4	1.336059504E-4	9.255098848E-5	1.889196865E-4
8.992480580E-4	9.073224501E-4	8.042521658E-4	7.770885131E-4	9.157985332E-4	1.020650379E-3	9.395868983E-4	7.332811365E-4	5.041051772E-4	2.818971989E-4	3.020161821E-4	6.354599027E-4	8.158055716E-4	6.791994674E-4	5.750347045E-4	5.513740471E-4	4.950162838E-4	4.932047450E-4	6.065334892E-4	6.723268307E-4	5.748958210E-4	4.877109604E-4	4.802851472E-4	5.212267861E-4	5.837958888E-4	5.356192123E-4	4.282770969E-4	3.112434642E-4	1.721851877E-4	1.665300806E-4	3.061860334E-4
7.024990045E-4	8.229778032E-4	7.797834114E-4	7.410187973E-4	9.101968026E-4	1.113918377E-3	1.040119794E-3	7.842986379E-4	5.889594322E-4	4.056761682E-4	3.613573790E-4	6.259414949E-4	8.696553414E-4	8.622139576E-4	7.998526562E-4	7.107993588E-4	5.910322652E-4	5.720012123E-4	6.564512150E-4	6.918224972E-4	5.909462343E-4	5.043407436E-4	4.875170416E-4	5.153879174E-4	5.793158780E-4	5.541698192E-4	4.366650828E-4	2.473522036E-4	9.011060320E-5	1.856781601E-4	4.265556636E-4
5.429427838E-4	7.051441935E-4	7.982061361E-4	7.866409142E-4	8.706662920E-4	1.052219654E-3	9.938133880E-4	7.829225506E-4	7.083157543E-4	6.540272152E-4	6.763253477E-4	9.397065151E-4	1.147673698E-3	1.080065733E-3	9.385711746E-4	8.358291816E-4	7.518571219E-4	6.735696807E-4	5.939035327E-4	5.094537046E-4	3.980713955E-4	3.451830416E-4	4.207440652E-4	5.877083167E-4	6.646645488E-4	5.326133105E-4	3.474260739E-4	1.466146496E-4	3.108168676E-5	1.967177232E-4	4.348906805E-4
5.389217986E-4	6.930620875E-4	8.943505818E-4	9.147025994E-4	8.772528963E-4	9.580391925E-4	9.650877910E-4	9.511560202E-4	1.049963757E-3	1.078120898E-3	1.096213819E-3	1.242167200E-3	1.294863294E-3	1.106471987E-3	8.774363087E-4	8.147362387E-4	8.570838836E-4	8.257881855E-4	6.815320812E-4	4.915125901E-4	3.174559970E-4	2.446422877E-4	3.742764529E-4	6.519733579E-4	6.859333953E-4	3.734115744E-4	1.197521051E-4	1.217984754E-5	2.798857349E-5	2.410467278E-4	4.425209481E-4
