7.591138710E-4	6.415524986E-4	6.348780589E-4	5.496226368E-4	5.007779691E-4	7.066193502E-4	8.551428909E-4	6.661858642E-4	3.766290320E-4	2.793831518E-4	3.006527259E-4	3.066822537E-4	3.468469658E-4	3.966246441E-4	3.717800428E-4	2.592479577E-4	1.927120175E-4	2.081477141E-4	2.055391378E-4	2.835462801E-4	4.290162178E-4	5.088741891E-4	6.312764017E-4	7.880916819E-4	8.240308380E-4	9.226512630E-4	1.252648304E-3	1.494885539E-3
8.340848144E-4	6.091376999E-4	5.288129323E-4	5.156149855E-4	6.069663796E-4	8.601468871E-4	9.886132320E-4	7.387887454E-4	3.481709573E-4	2.290765697E-4	3.526654036E-4	4.361123720E-4	4.422216152E-4	4.603055713E-4	4.516245099E-4	3.655006585E-4	3.692130558E-4	4.594640632E-4	4.103749234E-4	3.177997132E-4	3.273642214E-4	4.358820443E-4	6.448777858E-4	7.652621716E-4	7.147438009E-4	7.913250593E-4	1.093731145E-3	1.309541520E-3
9.056894341E-4	6.569565739E-4	4.912941367E-4	4.558228538E-4	5.845575943E-4	8.371804142E-4	9.334597271E-4	6.542316405E-4	2.649694798E-4	2.186282509E-4	4.730070068E-4	6.083080079E-4	5.050260224E-4	4.174305068E-4	4.341174499E-4	4.553895269E-4	5.548204063E-4	6.655959296E-4	5.829470465E-4	4.386422224E-4	4.193432978E-4	5.301274941E-4	7.282699225E-4	8.268892416E-4	7.434784784E-4	7.615825161E-4	9.935382986E-4	1.127090305E-3
1.006153878E-3	8.200258017E-4	5.570031935E-4	4.284539318E-4	5.209836527E-4	7.265824825E-4	7.879610639E-4	5.536659737E-4	2.594381804E-4	2.689073153E-4	5.429869052E-4	6.835174863E-4	5.438401131E-4	3.882614837E-4	3.403001465E-4	3.745869326E-4	5.157009582E-4	5.825880216E-4	4.895332968E-4	4.636422091E-4	5.575966788E-4	6.068864604E-4	6.143191131E-4	6.130875554E-4	5.472921184E-4	5.853640032E-4	8.175276453E-4	9.314503986E-4
9.906679625E-4	8.897148655E-4	5.999666755E-4	4.360733146E-4	4.846406810E-4	6.176196039E-4	7.044331287E-4	6.123226485E-4	3.870028595E-4	3.016426926E-4	4.509483697E-4	5.951395724E-4	5.774092861E-4	4.628629831E-4	2.945558226E-4	2.604039037E-4	4.252679937E-4	4.468889092E-4	3.279015073E-4	4.020574270E-4	5.618509022E-4	5.052459310E-4	3.619772906E-4	3.227709385E-4	2.828931028E-4	3.190576390E-4	5.598776625E-4	7.836591685E-4
8.409991860E-4	8.175003459E-4	5.720763002E-4	4.265860480E-4	4.237227549E-4	4.403691273E-4	5.303607322E-4	5.769031704E-4	4.285292234E-4	3.026172635E-4	3.900998854E-4	5.774603924E-4	7.111837040E-4	6.584876683E-4	4.044455127E-4	3.052343964E-4	4.599395324E-4	4.557144421E-4	3.253277391E-4	4.195786896E-4	5.209858064E-4	3.332538472E-4	1.762323955E-4	2.391577000E-4	2.610333031E-4	2.811561862E-4	5.088595208E-4	8.341534995E-4
7.451447891E-4	7.142437971E-4	4.722713784E-4	3.562403435E-4	3.756691876E-4	3.345787991E-4	3.681062080E-4	4.531245213E-4	3.951090039E-4	3.220986691E-4	4.154130293E-4	6.555308355E-4	8.756738971E-4	8.612247766E-4	6.424827152E-4	5.526287132E-4	6.270135636E-4	5.342086079E-4	3.529515525E-4	4.119453370E-4	4.561723326E-4	2.053877106E-4	7.425085641E-5	2.200442541E-4	3.047235659E-4	3.637992486E-4	6.003944436E-4	9.131111437E-4
7.579173543E-4	6.557528977E-4	4.436065210E-4	4.539428046E-4	5.973806255E-4	5.632191314E-4	4.916123580E-4	5.003864062E-4	4.490475112E-4	3.378934343E-4	3.663108218E-4	6.445337203E-4	9.010751965E-4	8.867123397E-4	7.748968783E-4	7.675905363E-4	7.370194071E-4	4.794026900E-4	1.797703007E-4	1.858503674E-4	2.897417289E-4	1.864571968E-4	1.611931511E-4	3.066913632E-4	3.594650479E-4	4.080167564E-4	6.310318713E-4	8.852473111E-4
8.306015516E-4	7.027179818E-4	6.037270068E-4	7.840372273E-4	1.008224208E-3	9.598448523E-4	8.040376706E-4	7.249127957E-4	6.192871951E-4	3.783854772E-4	2.532074868E-4	5.104430020E-4	7.771075470E-4	7.340163575E-4	6.741053658E-4	7.465418312E-4	6.929059164E-4	3.657470807E-4	2.389845577E-5	NaN	1.430698612E-4	2.516518289E-4	3.980718902E-4	5.428023869E-4	5.272935960E-4	5.092391511E-4	6.921964814E-4	9.290432790E-4
8.422079845E-4	7.599701639E-4	7.661831914E-4	9.916664567E-4	1.172671327E-3	1.116953325E-3	9.898453718E-4	9.134120191E-4	8.025096613E-4	4.971253802E-4	2.075191733E-4	3.212196752E-4	5.602987367E-4	5.532482755E-4	5.378806964E-4	6.554845604E-4	6.308520678E-4	3.532037372E-4	8.995360986E-5	2.371073606E-5	7.736113912E-5	2.121351718E-4	4.289050412E-4	6.099981838E-4	6.524383789E-4	6.682637031E-4	8.204932674E-4	1.009150990E-3
7.446244708E-4	7.367276703E-4	8.053465281E-4	9.466959164E-4	1.018904382E-3	9.746027645E-4	9.164244402E-4	8.769425331E-4	8.350802818E-4	6.447564228E-4	3.270432644E-4	2.093163494E-4	2.687213128E-4	3.048444341E-4	4.379266466E-4	6.505564670E-4	6.281659589E-4	3.718914231E-4	2.021737164E-4	1.439568296E-4	9.980618051E-5	1.476517500E-4	3.017481358E-4	5.099528935E-4	6.860806025E-4	7.901691133E-4	8.872193866E-4	9.651856963E-4
6.782294950E-4	7.216513040E-4	7.817345904E-4	7.968787686E-4	8.003967814E-4	7.962698000E-4	7.591486210E-4	6.703716936E-4	6.363079301E-4	6.189663545E-4	4.449822882E-4	1.793452539E-4	NaN	NaN	2.286448143E-4	5.950318882E-4	6.247388665E-4	4.246670869E-4	3.464275214E-4	3.379484115E-4	2.969592169E-4	2.795388864E-4	3.205216781E-4	4.968800931E-4	7.005351945E-4	7.842064952E-4	7.908881526E-4	7.825228968E-4
6.604134687E-4	7.067085244E-4	6.958456943E-4	6.471266388E-4	6.917718565E-4	7.605346036E-4	6.968503585E-4	4.765466729E-4	3.380744602E-4	3.990482364E-4	4.197129456E-4	2.155436232E-4	NaN	NaN	1.000857301E-4	4.540802911E-4	5.439615343E-4	4.941115621E-4	4.787727958E-4	4.300040018E-4	3.682774550E-4	3.229499853E-4	3.267215507E-4	4.957867204E-4	6.467016065E-4	6.551396800E-4	6.381797721E-4	6.354304496E-4
6.750454777E-4	6.624198868E-4	6.079153973E-4	6.385059678E-4	8.050540346E-4	9.042469319E-4	7.785129710E-4	4.669658956E-4	2.495621447E-4	3.168028779E-4	4.528684076E-4	3.927871585E-4	1.778576989E-4	9.803121065E-5	2.542055154E-4	3.979196481E-4	4.439810000E-4	4.901737557E-4	NaN	2.530683414E-4	1.268672786E-4	9.963999037E-5	1.857679599E-4	4.289247736E-4	5.421378883E-4	5.005692365E-4	5.399275688E-4	6.247833953E-4
6.960069295E-4	6.047734059E-4	5.974132800E-4	7.796456921E-4	1.013861038E-3	1.057035988E-3	9.106036741E-4	6.495850394E-4	4.231961793E-4	4.240194685E-4	5.460146931E-4	5.508325994E-4	4.241840215E-4	3.573931754E-4	3.968072124E-4	3.759430256E-4	3.567048698E-4	NaN	NaN	5.351873551E-5	NaN	1.781892934E-5	1.895258611E-4	4.915550817E-4	6.142019993E-4	5.559619167E-4	5.773459561E-4	6.622227374E-4
6.217546761E-4	5.879709497E-4	7.514348836E-4	1.034187153E-3	1.171562355E-3	1.080241054E-3	9.839367121E-4	8.728191024E-4	6.351732882E-4	4.805191711E-4	5.010706955E-4	5.076185917E-4	4.410332185E-4	4.102960229E-4	3.949386592E-4	3.027890634E-4	2.675182477E-4	2.832584141E-4	1.692076621E-4	5.215160490E-5	1.154757847E-4	2.501341514E-4	3.941887117E-4	6.297567743E-4	8.175975527E-4	8.653959958E-4	8.431896567E-4	8.099772385E-4
5.140047870E-4	6.336115766E-4	9.666144033E-4	1.264270861E-3	1.255729585E-3	1.067668432E-3	1.044981298E-3	1.041124575E-3	7.396306610E-4	3.890329390E-4	2.808547288E-4	3.043979523E-4	3.721098474E-4	4.532204766E-4	4.020963097E-4	2.438023948E-4	2.198729053E-4	2.760654315E-4	2.498808026E-4	2.521093120E-4	3.811613133E-4	5.198936560E-4	5.241631297E-4	5.400887458E-4	7.210244657E-4	9.417958208E-4	1.027220162E-3	9.860759601E-4
4.728152708E-4	6.312514888E-4	9.623108199E-4	1.213949872E-3	1.175633981E-3	1.039589290E-3	1.077149296E-3	1.076877932E-3	7.253672811E-4	2.727835963E-4	8.021013491E-5	1.319979638E-4	3.150977718E-4	4.528993741E-4	3.702436225E-4	1.957499771E-4	1.705161267E-4	2.591018274E-4	3.605211095E-4	4.574258928E-4	5.657930160E-4	6.697456120E-4	5.754441954E-4	3.945557983E-4	4.608702147E-4	7.263078005E-4	9.592542192E-4	1.026308979E-3
5.165209295E-4	6.213436718E-4	8.285419317E-4	9.941287572E-4	1.019724179E-3	1.022444107E-3	1.060405863E-3	9.949795203E-4	7.136233035E-4	3.639042843E-4	1.564667764E-4	1.581808610E-4	3.171078279E-4	4.222949210E-4	3.792673524E-4	2.871059405E-4	1.818718447E-4	1.343722688E-4	2.584192262E-4	4.438001779E-4	6.036631530E-4	7.514993194E-4	6.935507408E-4	5.138387787E-4	5.202789325E-4	7.070159772E-4	9.504202171E-4	1.048050006E-3
6.397987017E-4	7.408792153E-4	8.352051373E-4	8.847113932E-4	9.691921296E-4	1.101495349E-3	1.084767515E-3	9.089911473E-4	7.264296873E-4	5.716123851E-4	3.953939013E-4	2.816027263E-4	3.483483451E-4	4.656293895E-4	5.601415178E-4	5.924365250E-4	3.823438892E-4	1.107310600E-4	1.031862412E-4	2.746439714E-4	5.041802069E-4	7.096257759E-4	7.005093503E-4	6.173336878E-4	6.604088121E-4	7.793438272E-4	9.421624127E-4	9.891790105E-4
7.990818121E-4	9.435103857E-4	9.931627428E-4	9.412450599E-4	9.961932665E-4	1.131562516E-3	1.026872196E-3	7.608257001E-4	6.441720761E-4	7.017767639E-4	6.846213946E-4	5.361536751E-4	4.943334498E-4	5.838068319E-4	7.164016715E-4	7.778280415E-4	5.595934344E-4	2.466644219E-4	1.279539429E-4	1.709891949E-4	3.559480247E-4	5.178240244E-4	4.607161391E-4	4.041489447E-4	4.797426809E-4	5.896644434E-4	6.923668552E-4	6.904192851E-4
1.001096214E-3	1.127955969E-3	1.138700987E-3	1.017360017E-3	9.710187442E-4	9.908055654E-4	8.338618209E-4	6.119826576E-4	6.173656438E-4	9.045184706E-4	1.112424419E-3	9.861378931E-4	8.070332697E-4	7.609390304E-4	7.542365347E-4	6.944965571E-4	5.249924143E-4	3.692915780E-4	2.818934154E-4	2.429739106E-4	3.634941822E-4	4.465557868E-4	3.065478231E-4	2.043402783E-4	2.434916532E-4	3.433632664E-4	4.167861189E-4	3.499651211E-4
1.305765123E-3	1.311421278E-3	1.195213874E-3	1.029090374E-3	9.737411747E-4	9.535356658E-4	8.139015990E-4	6.870273501E-4	7.903946680E-4	1.167051145E-3	1.414338592E-3	1.227714587E-3	9.350408800E-4	8.094867226E-4	7.324409671E-4	6.021355512E-4	4.932037555E-4	4.744913313E-4	4.295168619E-4	3.876714618E-4	5.177805433E-4	5.831621238E-4	4.295591498E-4	3.157807514E-4	2.919779508E-4	3.181426146E-4	3.548700188E-4	2.708442044E-4
1.504750340E-3	1.395367202E-3	1.131184050E-3	9.311273461E-4	9.468207718E-4	9.650345892E-4	8.336477331E-4	7.444405346E-4	8.676760481E-4	1.166395028E-3	1.289209584E-3	1.045700279E-3	7.432036800E-4	6.477992283E-4	6.695803604E-4	6.529819802E-4	6.465983461E-4	6.589283585E-4	5.536887911E-4	4.704050953E-4	5.961038405E-4	6.654484896E-4	5.532352952E-4	5.033771158E-4	4.906975082E-4	4.336182610E-4	4.077964986E-4	3.996473097E-4
1.385998330E-3	1.242541941E-3	8.994351956E-4	6.006657495E-4	5.696426961E-4	6.108260131E-4	5.252105766E-4	5.141143338E-4	6.969355745E-4	9.279085207E-4	9.878821438E-4	8.282627095E-4	6.057464634E-4	5.243276246E-4	6.150030531E-4	7.158127846E-4	8.125217864E-4	8.781423676E-4	7.567951106E-4	6.062900648E-4	6.379365223E-4	6.337309023E-4	5.109337508E-4	5.422132090E-4	6.359227700E-4	5.339932395E-4	3.810413764E-4	3.922329633E-4
1.190063776E-3	9.917987045E-4	6.308284355E-4	2.510120394E-4	1.339770679E-4	2.282020432E-4	2.355646138E-4	2.901624830E-4	5.339581985E-4	7.653636276E-4	8.466896834E-4	8.033278864E-4	6.563887582E-4	5.529301125E-4	6.051001255E-4	6.759754615E-4	7.882526843E-4	9.639053023E-4	9.556665900E-4	8.016531356E-4	7.429813850E-4	6.463745376E-4	4.625477595E-4	5.129673518E-4	6.729048910E-4	5.262300256E-4	2.585016773E-4	2.368996211E-4
1.025717240E-3	7.306265761E-4	4.500539217E-4	2.044900029E-4	1.751443779E-4	3.571418347E-4	3.638988128E-4	3.200896026E-4	5.236658617E-4	7.690245984E-4	8.395331097E-4	8.043628768E-4	7.406757795E-4	7.126106648E-4	7.182445261E-4	6.463035243E-4	6.479295553E-4	8.351899451E-4	9.083845071E-4	8.188055945E-4	8.087771130E-4	7.497124607E-4	5.470302422E-4	5.149592180E-4	6.056051352E-4	4.637769889E-4	2.763967786E-4	3.150377597E-4
8.438196382E-4	5.331732682E-4	4.124327679E-4	4.017380707E-4	5.303553189E-4	7.554885815E-4	6.717237411E-4	4.471116990E-4	5.434838822E-4	7.597397780E-4	7.504972746E-4	6.893992540E-4	7.956877234E-4	9.268127033E-4	8.911633631E-4	7.135836058E-4	6.443817401E-4	7.607914158E-4	8.115818491E-4	7.987189456E-4	8.895439678E-4	9.067910723E-4	7.390122046E-4	6.268935394E-4	6.199449999E-4	5.541659775E-4	5.638623261E-4	7.039048942E-4
7.988960715E-4	5.440248060E-4	5.127671757E-4	5.929756444E-4	7.790658856E-4	1.018524868E-3	8.923400310E-4	5.498817773E-4	5.317761097E-4	6.600842462E-4	5.666404031E-4	5.462371628E-4	8.254989516E-4	1.048852806E-3	1.003291109E-3	8.853452746E-4	8.873994229E-4	9.540332248E-4	9.631810826E-4	9.896609699E-4	1.056808745E-3	1.038879855E-3	9.452823433E-4	8.660553722E-4	8.012601756E-4	7.475754828E-4	8.435174823E-4	1.030761865E-3
8.852278115E-4	7.212733035E-4	6.883164751E-4	7.195402868E-4	8.603177848E-4	1.089167548E-3	9.838753613E-4	6.340685068E-4	5.708578974E-4	6.518941955E-4	5.779868807E-4	6.496761926E-4	9.769481840E-4	1.212058589E-3	1.243015518E-3	1.201840932E-3	1.141256420E-3	1.072401064E-3	1.063924865E-3	1.120478380E-3	1.111847931E-3	1.063773292E-3	1.073664869E-3	1.030337415E-3	8.850114536E-4	7.854485302E-4	9.026587359E-4	1.117857057E-3
9.991079569E-4	9.810914053E-4	9.638728225E-4	9.186113602E-4	9.336464573E-4	1.037685666E-3	9.163297946E-4	6.362511776E-4	5.881735124E-4	6.606196403E-4	6.992778508E-4	8.906073635E-4	1.182904351E-3	1.398366061E-3	1.519529964E-3	1.444779569E-3	1.140333246E-3	8.857364883E-4	9.152534185E-4	1.034061308E-3	1.011981047E-3	1.030729269E-3	1.131446334E-3	1.035061898E-3	7.965334808E-4	7.143324474E-4	9.100520983E-4	1.170576783E-3
1.090339152E-3	1.218582620E-3	1.282629906E-3	1.215773053E-3	1.107324730E-3	1.006336184E-3	7.991473540E-4	5.897827214E-4	5.312983412E-4	5.293843569E-4	6.171661662E-4	8.665873320E-4	1.095418818E-3	1.268641790E-3	1.449143398E-3	1.403440139E-3	1.036817906E-3	7.535786135E-4	8.259965107E-4	9.351649205E-4	8.693984128E-4	9.399385308E-4	1.114494051E-3	9.926385246E-4	7.228386821E-4	6.931569078E-4	9.566343506E-4	1.258536126E-3
1.026747981E-3	1.228361507E-3	1.350939157E-3	1.316923066E-3	1.220433507E-3	1.027703169E-3	7.542532985E-4	5.988565972E-4	5.717548192E-4	5.563101149E-4	6.313511403E-4	8.130661445E-4	9.401399875E-4	1.029259642E-3	1.157531748E-3	1.142946887E-3	8.980521234E-4	7.347118808E-4	8.288165554E-4	8.914133068E-4	7.941105869E-4	8.403032552E-4	9.779552929E-4	8.413284086E-4	6.219440256E-4	6.698457291E-4	9.556553559E-4	1.262237201E-3
7.925843820E-4	9.579293546E-4	1.008768100E-3	9.850705974E-4	1.010284876E-3	8.934691432E-4	6.569637917E-4	5.843534018E-4	6.808371982E-4	7.760388544E-4	8.447865257E-4	9.276301716E-4	9.930108208E-4	9.950875537E-4	9.568116511E-4	8.602593443E-4	6.863955059E-4	6.058350555E-4	7.087058621E-4	8.185817860E-4	8.381418884E-4	8.755815215E-4	8.687507361E-4	6.775077782E-4	5.509045441E-4	6.891506491E-4	9.691673913E-4	1.227043220E-3
