2.536764077E-4	2.565490140E-4	5.914169597E-4	1.088123652E-3	1.233850722E-3	9.925325867E-4	8.201970486E-4	7.961297524E-4	6.799909170E-4	4.582364927E-4	2.801617666E-4	NaN	NaN	NaN	NaN	NaN	3.870388609E-4	6.087372312E-4	6.548554520E-4	5.561407306E-4	3.502421314E-4	3.247022105E-4	5.790886935E-4	7.406017976E-4	6.720267120E-4	6.003665621E-4	6.450958317E-4	6.503761397E-4	4.403651692E-4	2.343256783E-4	2.755866153E-4	3.904890327E-4	5.312616704E-4	6.870983634E-4	5.717162276E-4	2.751995053E-4	8.034686289E-6	NaN	NaN	9.115642752E-5	2.970681235E-4
4.829316167E-4	4.819637688E-4	6.948567461E-4	1.052310457E-3	1.155140111E-3	9.536514408E-4	7.654087385E-4	6.701401435E-4	5.458140513E-4	3.290151362E-4	7.479862688E-5	NaN	NaN	NaN	NaN	NaN	3.546840162E-4	5.411884631E-4	6.448453641E-4	6.734353374E-4	5.068893079E-4	3.628681297E-4	4.547311692E-4	5.770866410E-4	6.013810635E-4	6.351966294E-4	7.063290104E-4	6.733525079E-4	4.670295457E-4	3.195474565E-4	3.791507625E-4	4.878341861E-4	6.674626493E-4	9.002884035E-4	8.890551399E-4	6.651091389E-4	3.892188834E-4	1.105976044E-4	5.041803524E-5	1.856254967E-4	2.211859246E-4
8.930452750E-4	8.991025388E-4	1.023205812E-3	1.185034518E-3	1.165799098E-3	9.625361417E-4	7.330036606E-4	6.191878347E-4	5.937553360E-4	4.595846112E-4	1.835935691E-4	NaN	NaN	NaN	NaN	NaN	NaN	4.125181877E-4	5.649485975E-4	7.661705604E-4	7.532470627E-4	5.704210489E-4	4.905317910E-4	5.004980485E-4	4.828170931E-4	5.206001224E-4	6.497870781E-4	6.907235947E-4	5.518757389E-4	4.185871512E-4	4.292798112E-4	5.284385406E-4	7.510767318E-4	1.028952422E-3	1.095375745E-3	9.133699350E-4	5.961716524E-4	2.834685729E-4	1.786330540E-4	2.805434633E-4	3.829775669E-4
1.108443132E-3	1.089741127E-3	1.186151290E-3	1.219072030E-3	1.097134082E-3	9.318328230E-4	8.473753114E-4	8.990170900E-4	9.124575881E-4	6.893615355E-4	3.580448101E-4	8.415319462E-5	NaN	NaN	NaN	NaN	NaN	3.187349066E-4	4.197593953E-4	6.888630451E-4	8.446277352E-4	7.667812752E-4	6.871733349E-4	6.432643277E-4	5.234281416E-4	4.563978873E-4	5.161232548E-4	5.896816147E-4	5.781722721E-4	4.691423092E-4	3.995970474E-4	5.318992189E-4	8.296860615E-4	1.031471766E-3	9.736550273E-4	7.269256166E-4	4.208466853E-4	2.266226074E-4	2.140862343E-4	3.438330896E-4	5.723406794E-4
9.389480110E-4	8.914250066E-4	9.541651234E-4	9.587200475E-4	8.893578779E-4	8.715699660E-4	1.042342745E-3	1.305940794E-3	1.272517489E-3	8.505809237E-4	4.281816364E-4	2.637205180E-4	NaN	NaN	NaN	NaN	NaN	2.776217880E-4	3.116629669E-4	5.653952830E-4	8.012268227E-4	8.467226289E-4	9.050261579E-4	9.453463717E-4	8.182851016E-4	6.716366624E-4	5.546472967E-4	4.965776461E-4	5.332164001E-4	4.889517440E-4	4.047618131E-4	5.471190088E-4	8.289604448E-4	8.935378864E-4	7.135655615E-4	4.551295133E-4	2.401608945E-4	2.394280600E-4	3.555937437E-4	4.223011783E-4	5.712006241E-4
6.572544808E-4	6.398421247E-4	6.683341344E-4	6.768950261E-4	7.017591270E-4	7.565533160E-4	9.481678135E-4	1.220989740E-3	1.236999524E-3	9.168895776E-4	5.584614701E-4	4.355907731E-4	4.657582904E-4	NaN	NaN	NaN	2.337289770E-4	2.783855307E-4	3.456205013E-4	5.687924568E-4	7.300434518E-4	7.428083336E-4	8.808224811E-4	1.030396321E-3	9.611598216E-4	8.380988729E-4	6.744739949E-4	5.057258531E-4	4.799513845E-4	4.763029865E-4	4.400757607E-4	5.298502510E-4	6.927978829E-4	7.111803861E-4	6.427069311E-4	5.442648544E-4	4.120945523E-4	4.322520981E-4	5.247324007E-4	4.595628416E-4	4.205937148E-4
5.516958772E-4	5.300115445E-4	5.108251935E-4	5.195394624E-4	6.087555084E-4	6.657854537E-4	7.000633050E-4	7.778471336E-4	8.240404422E-4	7.796308491E-4	6.389864720E-4	5.447351141E-4	6.282614777E-4	6.721667014E-4	4.527516721E-4	2.016458457E-4	1.693223603E-4	2.598821593E-4	4.107179120E-4	6.126412190E-4	6.600759807E-4	5.887086736E-4	7.278670091E-4	8.818219649E-4	7.736163680E-4	6.734057679E-4	6.432919763E-4	5.586991902E-4	4.824039934E-4	4.268240009E-4	3.618996125E-4	3.697301145E-4	4.778014554E-4	5.886732251E-4	7.241505664E-4	8.007860743E-4	7.210162003E-4	6.464119069E-4	5.893333000E-4	3.941371397E-4	2.205748024E-4
6.470715743E-4	5.998354172E-4	5.349908606E-4	5.465364084E-4	6.632574950E-4	7.238339749E-4	6.733487826E-4	5.552365910E-4	4.476605973E-4	4.704573366E-4	5.213902332E-4	5.474905483E-4	6.952947006E-4	7.625492290E-4	4.858733737E-4	1.903835218E-4	1.825329819E-4	3.020392905E-4	4.442548088E-4	5.949957413E-4	5.779798958E-4	4.857690365E-4	6.490828819E-4	8.131469949E-4	6.618130719E-4	5.246870569E-4	5.581051228E-4	5.747600808E-4	5.257432931E-4	4.251571081E-4	2.762428776E-4	2.323133522E-4	4.010795674E-4	6.324384012E-4	8.182537858E-4	8.856789791E-4	8.333329461E-4	7.578631048E-4	6.421617582E-4	4.235953966E-4	2.009113086E-4
8.177050622E-4	8.035053615E-4	7.060442003E-4	7.182477275E-4	8.288743556E-4	8.576948312E-4	7.943888195E-4	5.919070099E-4	2.908915631E-4	2.105644671E-4	3.356990637E-4	4.624502326E-4	6.297326763E-4	6.752472837E-4	4.405791406E-4	2.732253051E-4	3.831849899E-4	5.108120968E-4	5.564164603E-4	6.020427682E-4	5.243747146E-4	4.060275678E-4	5.818911013E-4	8.111278876E-4	7.103554090E-4	5.191979581E-4	4.510391445E-4	4.441406054E-4	4.708944180E-4	4.480691859E-4	3.122417256E-4	2.727999818E-4	5.096964305E-4	8.098110557E-4	9.311296162E-4	8.734851726E-4	8.037427324E-4	7.656450616E-4	6.818222464E-4	5.530385533E-4	3.652563901E-4
8.519931580E-4	8.470148314E-4	7.128728321E-4	7.474815357E-4	8.924987633E-4	9.109484963E-4	8.638647269E-4	6.795171648E-4	3.214332974E-4	1.890481362E-4	3.195268800E-4	4.127117281E-4	4.590395256E-4	4.643994034E-4	3.814186493E-4	3.628116974E-4	5.178123247E-4	6.407274632E-4	5.905173603E-4	5.177811836E-4	4.376998695E-4	3.496715508E-4	4.606283910E-4	6.200941280E-4	5.295572337E-4	3.474401892E-4	2.360046346E-4	1.998585212E-4	NaN	3.756296355E-4	3.115550207E-4	2.548696939E-4	4.699525598E-4	7.976595080E-4	9.059634758E-4	8.158471901E-4	7.787495852E-4	7.833159179E-4	7.261399296E-4	6.416966789E-4	4.605453287E-4
8.116734098E-4	7.441178313E-4	6.218479830E-4	7.101459196E-4	8.735797019E-4	8.822174277E-4	8.600773872E-4	7.578872610E-4	4.860422341E-4	3.951484396E-4	5.259676836E-4	5.489483010E-4	4.144479753E-4	3.144486691E-4	3.353970242E-4	3.648779821E-4	4.165111459E-4	4.902595538E-4	4.264814488E-4	3.298261436E-4	3.571528068E-4	3.955151478E-4	3.991924168E-4	3.660613147E-4	2.452939225E-4	NaN	NaN	NaN	NaN	NaN	NaN	1.718551066E-4	2.764619712E-4	5.327395047E-4	6.561558112E-4	6.620035274E-4	7.536230260E-4	8.422416286E-4	8.097249665E-4	7.006431115E-4	4.945792607E-4
8.908452583E-4	7.935314206E-4	7.482432411E-4	8.529434563E-4	9.129150421E-4	8.423940162E-4	8.154532406E-4	7.966531557E-4	6.468584179E-4	5.543471198E-4	5.956913810E-4	5.843662075E-4	3.931110259E-4	1.969516015E-4	2.246585354E-4	2.724708756E-4	2.316410246E-4	2.811212908E-4	3.552430135E-4	3.944499476E-4	4.931409494E-4	5.171711091E-4	3.767285962E-4	2.485920268E-4	NaN	NaN	NaN	NaN	NaN	NaN	NaN	NaN	2.529887424E-4	3.720213717E-4	4.500494688E-4	5.366633413E-4	7.147393771E-4	8.457879303E-4	8.451674948E-4	7.874056464E-4	6.749569438E-4
9.977804730E-4	9.506429196E-4	9.684634861E-4	1.014168374E-3	9.303383995E-4	7.996672648E-4	7.616357179E-4	7.742654416E-4	7.147704018E-4	5.809621653E-4	4.597372317E-4	4.254533560E-4	3.243443207E-4	1.301502780E-4	1.301662414E-4	2.431806352E-4	2.652041439E-4	3.419470158E-4	5.257927696E-4	6.873292150E-4	7.600899553E-4	6.387880421E-4	3.546094522E-4	1.794368000E-4	NaN	NaN	NaN	NaN	NaN	NaN	NaN	NaN	3.779561375E-4	4.024924710E-4	3.513297124E-4	3.707066644E-4	5.248470115E-4	7.054302841E-4	8.252777043E-4	9.033762035E-4	8.910383331E-4
9.973134147E-4	9.901032317E-4	1.034192741E-3	1.044824254E-3	9.302377584E-4	8.103592554E-4	7.231452037E-4	6.715718773E-4	6.764677237E-4	6.224817480E-4	4.827257653E-4	4.466783721E-4	4.110362788E-4	2.612025419E-4	2.693477436E-4	4.394852731E-4	5.282618222E-4	5.528616020E-4	6.260151858E-4	7.400609320E-4	8.070358890E-4	7.076053298E-4	4.299813882E-4	1.486593537E-4	NaN	NaN	NaN	NaN	NaN	NaN	NaN	NaN	4.497636401E-4	4.387668741E-4	2.808709396E-4	1.902717631E-4	2.920001571E-4	5.676288856E-4	8.469440509E-4	9.408211918E-4	8.063400746E-4
9.641111828E-4	9.509673691E-4	9.867021581E-4	1.018120558E-3	9.995247237E-4	9.418949485E-4	7.796538994E-4	6.178881740E-4	6.386603927E-4	7.116511697E-4	6.804039003E-4	6.246248377E-4	4.971455201E-4	3.611255088E-4	4.509082355E-4	6.240421208E-4	6.459357683E-4	5.512959906E-4	4.537109926E-4	4.244829761E-4	4.602964036E-4	5.048307357E-4	4.443546932E-4	2.046172303E-4	NaN	NaN	NaN	NaN	NaN	NaN	NaN	NaN	3.558652825E-4	3.345283912E-4	2.497945679E-4	2.693382849E-4	4.237226385E-4	7.382435724E-4	1.024457044E-3	9.577196906E-4	6.256990018E-4
9.806740563E-4	9.544155910E-4	9.103482589E-4	8.930734475E-4	9.719469235E-4	1.045989920E-3	9.305624990E-4	7.703811279E-4	7.837627199E-4	8.546885801E-4	8.165983018E-4	6.305412971E-4	3.271307796E-4	2.142955782E-4	4.281300353E-4	6.184662343E-4	6.128313835E-4	5.075234803E-4	3.420837165E-4	1.678244298E-4	8.527122554E-5	1.853250578E-4	3.639392962E-4	3.301695106E-4	1.675355306E-4	NaN	NaN	NaN	NaN	NaN	NaN	1.179672108E-4	2.053962526E-4	1.599174284E-4	2.770828432E-4	5.621782038E-4	7.969882572E-4	1.004355261E-3	1.118556131E-3	9.171403944E-4	6.254918408E-4
9.102306212E-4	8.569962811E-4	7.437480381E-4	6.478780415E-4	7.492176373E-4	9.217088809E-4	9.023139137E-4	8.378592902E-4	8.919885731E-4	9.100656607E-4	7.795976708E-4	4.834330175E-4	1.381610637E-4	8.273558342E-5	3.176660393E-4	5.162888556E-4	6.168943364E-4	6.380812847E-4	4.983272520E-4	2.577034757E-4	1.240622078E-4	2.475756337E-4	5.020610406E-4	5.370618892E-4	3.451459052E-4	2.551587531E-4	3.380876442E-4	4.890151904E-4	4.481851647E-4	1.664584561E-4	1.176452861E-4	2.896951337E-4	2.612747194E-4	2.037365775E-4	4.793753615E-4	8.624009206E-4	1.001049648E-3	1.009357162E-3	9.583916981E-4	7.647910970E-4	6.884952309E-4
7.640233380E-4	6.644839887E-4	5.726077943E-4	4.937598133E-4	5.833985633E-4	7.283439627E-4	6.843095180E-4	6.442712038E-4	7.412394625E-4	7.629087195E-4	6.284586270E-4	4.064948007E-4	2.033085766E-4	1.632080239E-4	2.475446090E-4	3.599548945E-4	5.244418280E-4	6.752951886E-4	6.710110465E-4	5.119629786E-4	4.220109549E-4	5.783290253E-4	7.978461799E-4	7.530839066E-4	4.639156396E-4	3.087172809E-4	4.986294662E-4	8.193516405E-4	7.995978813E-4	4.766210914E-4	4.409415124E-4	6.081711617E-4	5.480637192E-4	5.029905587E-4	7.394311833E-4	9.398616385E-4	9.122461197E-4	9.162866627E-4	9.537828155E-4	8.585322648E-4	8.797433693E-4
8.191786474E-4	6.639656494E-4	5.998752895E-4	5.815303884E-4	6.781629054E-4	7.952604210E-4	7.089321152E-4	5.968003534E-4	6.364683504E-4	6.647502305E-4	5.726412637E-4	4.489479761E-4	3.526214277E-4	2.711763082E-4	2.408749278E-4	2.977903932E-4	4.216382222E-4	6.062966422E-4	7.914907765E-4	8.053159690E-4	7.253043004E-4	8.141382132E-4	9.703863179E-4	9.007158806E-4	5.833915784E-4	3.390006023E-4	4.811074468E-4	7.937942282E-4	7.485618698E-4	4.894403392E-4	5.708376411E-4	7.962667732E-4	8.077755338E-4	8.027675794E-4	8.766473620E-4	8.358401828E-4	7.651247433E-4	9.345826693E-4	1.134786056E-3	1.087423181E-3	1.097098691E-3
9.681624360E-4	8.020096575E-4	7.261974388E-4	7.226995076E-4	8.241852629E-4	9.888040368E-4	9.703532560E-4	7.948278217E-4	7.134850603E-4	7.327651256E-4	6.611138233E-4	5.081302952E-4	3.715246276E-4	2.839538793E-4	3.473101824E-4	4.922620137E-4	5.649215891E-4	6.959275925E-4	9.745638818E-4	1.117704087E-3	1.019855961E-3	9.867335903E-4	1.066097873E-3	1.005932572E-3	7.164507988E-4	4.361194151E-4	4.876751918E-4	6.822181167E-4	5.893757334E-4	4.245954915E-4	5.640126765E-4	7.520160871E-4	8.101970307E-4	8.878122317E-4	9.259733488E-4	8.614521357E-4	8.794281166E-4	1.080636634E-3	1.168430317E-3	1.038908144E-3	1.099150395E-3
1.029906329E-3	9.493127582E-4	7.951447624E-4	6.829819176E-4	7.340456359E-4	9.551730473E-4	1.070385217E-3	9.319905657E-4	7.837747689E-4	7.855700678E-4	7.405127399E-4	5.653961562E-4	3.728616575E-4	3.012268280E-4	4.793978587E-4	6.884103059E-4	7.160632522E-4	8.079505060E-4	1.103628427E-3	1.288234955E-3	1.197416335E-3	1.120105619E-3	1.134404447E-3	1.018367009E-3	7.465562085E-4	5.407697172E-4	5.812334712E-4	6.598976324E-4	5.425895797E-4	4.514115572E-4	5.327404942E-4	5.625665071E-4	5.566825275E-4	6.639677449E-4	7.617955562E-4	8.247835794E-4	9.740920505E-4	1.113077044E-3	9.887670167E-4	7.838911843E-4	9.280915256E-4
1.186440932E-3	1.177534694E-3	8.638856234E-4	5.614716210E-4	5.317270407E-4	7.517009508E-4	9.625718230E-4	9.584333166E-4	8.243880002E-4	7.481680950E-4	7.149752346E-4	6.202729419E-4	4.449818807E-4	3.433088714E-4	4.789661616E-4	6.078731967E-4	5.616320414E-4	6.464705803E-4	9.678642382E-4	1.182992011E-3	1.143739442E-3	1.108318567E-3	1.083227457E-3	8.918132517E-4	6.762454286E-4	6.195968017E-4	6.706997519E-4	6.338353269E-4	4.880572378E-4	4.210663028E-4	4.273969389E-4	3.470542433E-4	2.625228663E-4	3.272517351E-4	4.494235036E-4	5.918008974E-4	8.058770327E-4	9.173743310E-4	7.336007548E-4	5.717514432E-4	7.768017822E-4
1.366523793E-3	1.332281041E-3	9.296260541E-4	5.772406585E-4	5.146661424E-4	6.377269747E-4	7.919727359E-4	8.430423914E-4	7.149385638E-4	5.579377757E-4	5.392467137E-4	5.395675544E-4	4.146538849E-4	3.154706210E-4	4.087222333E-4	4.754501279E-4	3.560146433E-4	3.320772958E-4	5.780393258E-4	8.299859473E-4	9.033515234E-4	9.529965464E-4	9.259735816E-4	7.294343086E-4	6.194180460E-4	6.782700657E-4	7.029016851E-4	5.567889893E-4	3.425537725E-4	2.548572083E-4	2.641713654E-4	2.180294396E-4	1.425671508E-4	1.880436903E-4	3.330428444E-4	4.999904195E-4	6.913729012E-4	7.861672784E-4	6.487490609E-4	5.598475109E-4	7.678783732E-4
1.165329479E-3	1.052480424E-3	7.607676671E-4	6.287763827E-4	6.537734880E-4	6.688211579E-4	6.393286167E-4	5.554122035E-4	3.980085021E-4	2.956897952E-4	3.464097972E-4	3.831257927E-4	3.178966290E-4	3.193789162E-4	4.722116282E-4	5.746591487E-4	4.309322394E-4	2.256337903E-4	2.757169423E-4	5.099243717E-4	6.746762665E-4	7.670102641E-4	7.403948111E-4	5.993408849E-4	5.910997279E-4	6.939790910E-4	7.100148359E-4	5.556097021E-4	3.254398471E-4	2.416812931E-4	2.939882979E-4	3.108953533E-4	2.508447797E-4	2.306991519E-4	3.270007728E-4	4.591003235E-4	5.728304968E-4	6.647448172E-4	6.602702779E-4	6.538750604E-4	7.933104644E-4
5.620769807E-4	3.826705506E-4	3.535077558E-4	5.913829082E-4	7.649320760E-4	7.118143840E-4	5.310390843E-4	3.238831705E-4	2.000082459E-4	2.312239521E-4	3.440309956E-4	4.044584639E-4	4.553955805E-4	6.046070484E-4	8.106658934E-4	9.267597343E-4	7.909524720E-4	4.993109033E-4	3.907740756E-4	5.239298916E-4	6.412066286E-4	6.590824341E-4	5.881130928E-4	4.974683397E-4	5.631732638E-4	6.895881379E-4	7.319218712E-4	6.519741146E-4	5.062316777E-4	4.713573726E-4	5.130679929E-4	5.214118864E-4	4.282834416E-4	2.555958345E-4	2.164791658E-4	3.070315288E-4	3.685771080E-4	4.559008812E-4	5.925854202E-4	7.009854889E-4	7.939147763E-4
NaN	NaN	1.187934904E-4	6.173466099E-4	8.520371630E-4	7.304642932E-4	5.305001396E-4	3.963614581E-4	3.600792261E-4	4.175128706E-4	5.162240705E-4	6.224613171E-4	8.068730822E-4	1.063753851E-3	1.263824641E-3	1.342478790E-3	1.218325924E-3	9.241692605E-4	7.194515783E-4	7.226651651E-4	7.366613136E-4	6.444643368E-4	4.933648743E-4	3.858385317E-4	4.346695787E-4	5.208613584E-4	5.616371636E-4	5.707619712E-4	5.654177512E-4	5.955856759E-4	5.845622509E-4	NaN	NaN	1.412209822E-4	9.357577073E-5	2.692745184E-4	3.520029131E-4	3.748408926E-4	5.087968893E-4	6.622156943E-4	7.316917763E-4
NaN	NaN	2.491090854E-4	7.269359776E-4	9.039954748E-4	7.711156504E-4	6.965866778E-4	7.529715076E-4	7.679637638E-4	7.410030230E-4	7.589986199E-4	8.269331302E-4	1.017374336E-3	1.281653647E-3	1.428742777E-3	1.462551532E-3	1.373064122E-3	1.125851530E-3	9.043580503E-4	8.916048100E-4	9.333682829E-4	7.992413593E-4	5.442340043E-4	3.756768419E-4	3.275083145E-4	2.428637672E-4	2.054194192E-4	3.067176149E-4	4.346016794E-4	NaN	NaN	NaN	NaN	NaN	NaN	3.506010107E-4	4.251923820E-4	3.454274556E-4	4.116249329E-4	5.489307223E-4	5.710063851E-4
1.200699189E-4	3.141176421E-4	6.012621452E-4	8.735237643E-4	9.293087642E-4	8.411676390E-4	9.281368111E-4	1.112836762E-3	1.114047715E-3	1.027819817E-3	9.835128440E-4	9.343334241E-4	1.019960153E-3	1.218746300E-3	1.284419326E-3	1.274210983E-3	1.241884311E-3	1.078666188E-3	8.908339660E-4	9.368569590E-4	1.096892869E-3	9.772570338E-4	6.586812669E-4	5.508065224E-4	5.323261721E-4	2.559169661E-4	1.882199831E-5	8.207376231E-5	NaN	NaN	NaN	NaN	NaN	NaN	NaN	4.332601384E-4	4.458632902E-4	2.677800076E-4	2.904612920E-4	4.573977203E-4	5.010013119E-4
5.014741328E-4	6.532270345E-4	8.912968915E-4	1.046247897E-3	1.036522328E-3	9.931522654E-4	1.159725944E-3	1.325095189E-3	1.226483611E-3	1.118715969E-3	1.103716670E-3	1.017106464E-3	1.023032004E-3	1.158743515E-3	1.195114106E-3	1.182720764E-3	1.168595045E-3	9.999342728E-4	7.378755836E-4	7.231886266E-4	9.199377964E-4	8.559761336E-4	5.926034646E-4	6.491358508E-4	8.018278168E-4	4.920470528E-4	6.001648944E-5	NaN	NaN	NaN	NaN	NaN	NaN	NaN	NaN	NaN	4.410062975E-4	2.088389883E-4	1.880817144E-4	3.985196818E-4	5.399626098E-4
5.674325512E-4	6.475561531E-4	9.040095028E-4	1.080691814E-3	1.093897619E-3	1.103298971E-3	1.303853001E-3	1.420747023E-3	1.239120029E-3	1.113856561E-3	1.121755689E-3	1.023724442E-3	9.857102996E-4	1.116931206E-3	1.224475447E-3	1.248766086E-3	1.175242825E-3	9.308449808E-4	6.139650359E-4	5.270003458E-4	6.636226899E-4	6.410396309E-4	4.456818278E-4	4.963710671E-4	7.034458104E-4	5.470656906E-4	NaN	NaN	NaN	NaN	NaN	NaN	NaN	NaN	NaN	3.663452226E-4	4.025325761E-4	2.306315146E-4	2.246434451E-4	3.881755110E-4	5.353273009E-4
5.232406547E-4	5.563850282E-4	7.978701033E-4	9.943003533E-4	1.042607357E-3	1.095691230E-3	1.280294266E-3	1.351524610E-3	1.189483912E-3	1.109433477E-3	1.099111163E-3	9.368182509E-4	8.586476906E-4	1.006209990E-3	1.166102127E-3	1.189231873E-3	1.049648621E-3	8.294340223E-4	6.754811620E-4	6.789550534E-4	7.438383764E-4	6.795132649E-4	4.353624827E-4	2.596307604E-4	3.404063173E-4	3.725366842E-4	NaN	NaN	NaN	NaN	NaN	NaN	NaN	NaN	NaN	4.183067649E-4	4.552960745E-4	3.764078720E-4	4.077762133E-4	4.397767480E-4	5.014517228E-4
7.088386337E-4	6.494143163E-4	7.699073176E-4	9.739585221E-4	1.094681793E-3	1.162748784E-3	1.194368233E-3	1.060208073E-3	8.670683601E-4	8.909015451E-4	9.602807695E-4	8.281117771E-4	7.687410689E-4	8.939943509E-4	9.817287792E-4	9.528770461E-4	8.292157436E-4	7.369024097E-4	7.998780929E-4	9.283893742E-4	9.525796631E-4	8.345425595E-4	5.339810741E-4	1.844877843E-4	1.341156458E-4	2.115532407E-4	1.097483910E-4	NaN	NaN	NaN	NaN	NaN	NaN	NaN	3.984968353E-4	6.770677282E-4	6.502975593E-4	5.414122134E-4	5.274980213E-4	4.824040516E-4	5.622591125E-4
1.031786902E-3	8.466665749E-4	7.814247510E-4	9.724203264E-4	1.160931773E-3	1.206600689E-3	1.073709223E-3	7.493006415E-4	5.170658696E-4	6.331155309E-4	8.210283122E-4	7.861662307E-4	7.662923890E-4	8.132017101E-4	7.276652032E-4	6.035774713E-4	5.418052897E-4	5.623668549E-4	7.108887075E-4	8.927995805E-4	9.354528738E-4	8.541978896E-4	6.545679644E-4	3.766912268E-4	2.976889955E-4	2.813994070E-4	1.145097194E-4	NaN	NaN	NaN	NaN	NaN	NaN	4.858962493E-4	7.083166274E-4	8.906646981E-4	7.717223489E-4	5.794651224E-4	5.114646046E-4	4.854414437E-4	6.529447273E-4
1.112159691E-3	9.085486527E-4	7.325711194E-4	8.376151090E-4	9.914963739E-4	1.031227759E-3	9.584708023E-4	7.563605323E-4	6.188724656E-4	7.086730329E-4	8.216768038E-4	7.704481832E-4	7.345920312E-4	6.815595552E-4	4.448818217E-4	2.565993927E-4	2.617674181E-4	3.065182245E-4	3.691738239E-4	5.237997975E-4	6.525340141E-4	7.191628683E-4	7.531276206E-4	6.935080164E-4	6.390294875E-4	5.121845170E-4	3.005774633E-4	3.211948497E-4	3.937592846E-4	NaN	NaN	NaN	4.283942981E-4	4.748611827E-4	6.362755084E-4	7.960786461E-4	7.112126332E-4	5.623186007E-4	4.983099643E-4	4.627809103E-4	5.957268877E-4
9.923180332E-4	8.894686471E-4	7.150378660E-4	6.700565573E-4	6.888384814E-4	7.389356033E-4	8.427338907E-4	8.779824129E-4	8.449155139E-4	8.134224336E-4	7.544953260E-4	6.766091101E-4	6.503902841E-4	5.267350352E-4	2.356563054E-4	8.465228893E-5	1.766766218E-4	2.219125599E-4	1.451841090E-4	2.072597417E-4	4.152547917E-4	6.218531053E-4	7.857820601E-4	8.318611654E-4	7.737312699E-4	5.906592705E-4	4.043074732E-4	4.657286627E-4	5.088209291E-4	3.290762543E-4	2.383969841E-4	2.907371090E-4	2.613785036E-4	2.073393116E-4	3.479570732E-4	5.981979193E-4	7.194427308E-4	7.222444401E-4	6.469697692E-4	5.297407624E-4	5.450873869E-4
9.093163535E-4	9.052936803E-4	7.829914684E-4	6.209617131E-4	4.808596859E-4	4.655162629E-4	6.079887389E-4	7.260499988E-4	7.369552040E-4	6.811573403E-4	6.178866606E-4	6.214311579E-4	6.188493571E-4	4.243553558E-4	1.363806514E-4	4.733517926E-5	1.966425625E-4	3.527343215E-4	3.475677222E-4	3.481929889E-4	4.956994089E-4	6.661724183E-4	7.166122668E-4	6.364521687E-4	5.224870984E-4	3.782766289E-4	3.030121152E-4	4.429614055E-4	5.555328680E-4	5.210446543E-4	4.874947772E-4	3.995722218E-4	2.554777020E-4	1.753258402E-4	2.556301188E-4	5.163356545E-4	7.981325616E-4	9.344729478E-4	8.491809131E-4	6.907694042E-4	6.718250806E-4
7.572273025E-4	8.104613516E-4	7.715779357E-4	6.043405738E-4	3.682812967E-4	2.361803199E-4	3.138503525E-4	4.503160308E-4	5.080419360E-4	4.944678512E-4	5.052006454E-4	5.669902894E-4	5.038994132E-4	2.617149730E-4	8.543611330E-5	7.611267210E-5	1.943847601E-4	4.533816827E-4	6.366521120E-4	6.123072817E-4	6.020709407E-4	6.742055994E-4	6.102563930E-4	3.872987290E-4	2.471316548E-4	2.316058672E-4	3.103741910E-4	5.354272434E-4	7.139947847E-4	7.733240491E-4	7.736642729E-4	6.086417707E-4	4.043140798E-4	2.930975170E-4	2.643651096E-4	4.090798611E-4	6.808254402E-4	8.736066520E-4	8.357518818E-4	7.248986512E-4	7.502478547E-4
5.333747831E-4	6.315276842E-4	7.107811398E-4	6.361798733E-4	3.987601085E-4	1.524580584E-4	1.046496327E-4	2.393733448E-4	3.493211989E-4	3.355844819E-4	3.584590449E-4	4.376598517E-4	3.301004763E-4	1.172648408E-4	1.028743500E-4	1.788643858E-4	2.271271514E-4	4.291177029E-4	6.240518996E-4	5.661100731E-4	4.864296061E-4	5.552510265E-4	5.460147513E-4	3.866465413E-4	3.423950693E-4	4.365234927E-4	5.452969926E-4	7.224627770E-4	8.115688688E-4	7.932544104E-4	8.134301170E-4	6.849017227E-4	4.515833862E-4	3.144050715E-4	2.727739338E-4	3.777605889E-4	5.934607470E-4	7.595188217E-4	7.660271367E-4	7.063721423E-4	7.122175884E-4
4.148040025E-4	5.358089693E-4	7.313329261E-4	7.707283366E-4	5.658654263E-4	2.111463109E-4	NaN	6.427421613E-5	2.409807930E-4	2.589292126E-4	2.801186638E-4	4.049060808E-4	3.790392366E-4	2.521412389E-4	2.837102511E-4	3.476003767E-4	3.431176301E-4	4.384536878E-4	5.326986429E-4	4.854209838E-4	4.596473591E-4	5.196060520E-4	5.319933407E-4	4.999146331E-4	5.719398032E-4	6.507021026E-4	6.631609867E-4	7.739558350E-4	7.862661150E-4	6.672095624E-4	6.785352016E-4	5.976646207E-4	3.811313072E-4	2.703420760E-4	2.793993917E-4	4.432507267E-4	6.852593506E-4	8.283029310E-4	8.647596114E-4	8.419094956E-4	7.660533884E-4
3.605886304E-4	4.099403450E-4	6.204679958E-4	7.139634108E-4	5.389123689E-4	1.911636355E-4	NaN	4.348251969E-5	2.854045888E-4	3.460420703E-4	3.193036828E-4	4.303946625E-4	5.160238361E-4	4.898986081E-4	4.952970776E-4	4.873594153E-4	4.312342789E-4	4.509387654E-4	4.789294617E-4	4.849253746E-4	5.788583658E-4	6.682595704E-4	6.601213827E-4	6.718782242E-4	7.559972000E-4	7.066711551E-4	5.893495982E-4	6.962759653E-4	7.588677690E-4	6.582370261E-4	6.262441166E-4	4.862754431E-4	2.825513366E-4	2.061204577E-4	1.985568524E-4	3.925666388E-4	7.291382062E-4	9.166399250E-4	9.861272993E-4	1.023171237E-3	9.564362699E-4
2.776630863E-4	2.245876676E-4	3.482790489E-4	4.317241546E-4	3.101115290E-4	1.131045283E-4	6.935000420E-5	2.502164280E-4	5.221622996E-4	5.912673078E-4	4.830774851E-4	4.949145950E-4	5.829954171E-4	5.838174839E-4	5.745015224E-4	5.604103208E-4	4.966388806E-4	4.782497708E-4	4.526723060E-4	4.301693407E-4	5.971225328E-4	8.442940889E-4	9.611541755E-4	1.023866702E-3	1.077770721E-3	9.165736265E-4	6.778853131E-4	6.828601472E-4	7.160584209E-4	6.766815204E-4	6.292721373E-4	4.202081473E-4	2.736661409E-4	2.744087251E-4	2.178082650E-4	3.458124702E-4	7.055739989E-4	9.597599274E-4	1.093334286E-3	1.216589939E-3	1.243666979E-3
2.891861950E-4	2.290148113E-4	2.835525374E-4	3.266035055E-4	2.251694823E-4	1.236237586E-4	2.074006334E-4	4.539894289E-4	7.474311278E-4	8.422551327E-4	7.276413962E-4	6.961772451E-4	7.272755029E-4	6.482970784E-4	5.802605883E-4	5.886955187E-4	5.868588923E-4	6.054269616E-4	5.561100552E-4	4.338793224E-4	5.395164480E-4	8.880197420E-4	1.160796615E-3	1.271379879E-3	1.282218262E-3	1.108878525E-3	8.733075811E-4	7.443578215E-4	6.276027998E-4	6.029461510E-4	5.945009179E-4	4.173205234E-4	4.031393619E-4	5.270555266E-4	4.462856159E-4	4.190700711E-4	6.242066156E-4	8.770661079E-4	1.117115025E-3	1.312528853E-3	1.364381635E-3
4.508365819E-4	3.742493282E-4	3.851306101E-4	3.818139376E-4	2.502323769E-4	1.536700438E-4	2.819418442E-4	5.582760205E-4	8.262564661E-4	8.824889082E-4	7.918049232E-4	8.408619324E-4	9.106374928E-4	7.673557266E-4	5.708698882E-4	4.863466602E-4	4.854726430E-4	5.541062565E-4	5.364780081E-4	3.849116620E-4	4.085779074E-4	7.261674618E-4	1.053434447E-3	1.191977761E-3	1.171411597E-3	1.044307486E-3	9.202323854E-4	7.543361862E-4	5.163085880E-4	4.953742027E-4	5.853510229E-4	5.116341636E-4	5.624307087E-4	7.238566759E-4	6.737695076E-4	5.573895760E-4	5.195611157E-4	6.055527483E-4	8.688041125E-4	1.108622761E-3	1.163183711E-3
6.175717572E-4	4.229942278E-4	3.396255488E-4	3.134552098E-4	2.269209945E-4	1.892216096E-4	3.820125712E-4	6.936815334E-4	8.834656910E-4	8.162528393E-4	7.177488878E-4	8.741869824E-4	1.060946030E-3	9.585028165E-4	6.713925395E-4	4.284208699E-4	3.311671026E-4	3.694914340E-4	3.296026553E-4	1.684573654E-4	1.735472033E-4	4.563577240E-4	8.109930204E-4	1.038262970E-3	1.077698427E-3	9.995535947E-4	9.475574479E-4	8.158711717E-4	5.685130600E-4	5.431132158E-4	6.848027115E-4	6.644116365E-4	6.369255134E-4	7.270721253E-4	7.872072747E-4	7.611553883E-4	5.752727739E-4	4.137636570E-4	5.822663079E-4	8.834808832E-4	1.042595832E-3
6.933272234E-4	4.384402710E-4	3.027391213E-4	3.212269221E-4	3.647303674E-4	3.734913771E-4	5.295638111E-4	8.346297545E-4	1.005935716E-3	9.163668728E-4	8.425913402E-4	1.003170153E-3	1.192449941E-3	1.135780243E-3	8.580451831E-4	5.606194027E-4	3.846680338E-4	3.257105127E-4	1.966519631E-4	2.589940414E-5	6.517198926E-5	2.980580030E-4	5.797186168E-4	8.605623152E-4	1.014973503E-3	9.902669117E-4	9.536519647E-4	9.079901502E-4	7.831125404E-4	7.419451722E-4	8.009109297E-4	7.616800722E-4	6.706464919E-4	7.044503000E-4	8.560980787E-4	9.359362884E-4	7.195630460E-4	4.305265029E-4	5.164410104E-4	8.500408730E-4	1.091083628E-3
6.269069272E-4	4.475702590E-4	4.269836354E-4	5.836886121E-4	7.164675626E-4	6.434737588E-4	6.071043317E-4	7.947451668E-4	9.708028520E-4	9.796466911E-4	9.736517095E-4	1.026316080E-3	1.064056763E-3	9.931953391E-4	8.138645790E-4	6.359781837E-4	4.927620175E-4	3.666949051E-4	2.055896039E-4	1.083783354E-4	2.161697485E-4	3.498479782E-4	4.322315217E-4	6.432093214E-4	8.846787969E-4	9.535569116E-4	9.221236105E-4	9.052651585E-4	9.084903286E-4	8.886157302E-4	8.303172071E-4	7.517338963E-4	7.027467364E-4	7.590460009E-4	9.136294830E-4	9.969917592E-4	8.199159056E-4	5.997358239E-4	7.119844086E-4	9.889138164E-4	1.140728826E-3
5.278807366E-4	4.258681438E-4	5.676526343E-4	8.401705418E-4	9.332929039E-4	7.252196665E-4	5.208418006E-4	5.636226851E-4	7.086098194E-4	8.004965493E-4	8.387033595E-4	7.961557712E-4	7.061046199E-4	6.107449299E-4	5.339130294E-4	5.289926194E-4	5.230357056E-4	4.659718543E-4	3.693295876E-4	3.137156309E-4	3.947223595E-4	4.587773001E-4	4.462078796E-4	5.610028165E-4	7.942724624E-4	9.584889049E-4	9.449032368E-4	8.525440935E-4	8.847070276E-4	9.379899129E-4	8.367492119E-4	6.850112695E-4	6.656558253E-4	7.897848845E-4	9.293381590E-4	9.740723763E-4	8.717596647E-4	8.259257302E-4	1.043523662E-3	1.243408304E-3	1.241056598E-3
5.396472989E-4	4.592727928E-4	6.596808671E-4	9.285931010E-4	9.427299956E-4	7.117323694E-4	5.072856438E-4	4.994705087E-4	5.967058241E-4	6.552491104E-4	6.622406072E-4	6.109915557E-4	5.070133484E-4	3.978219465E-4	3.462666355E-4	4.017977044E-4	4.826110671E-4	5.379155627E-4	5.483464920E-4	4.762146855E-4	4.301070876E-4	4.453040019E-4	4.317828862E-4	4.386946384E-4	5.642635515E-4	7.616984076E-4	7.985256379E-4	7.010638947E-4	7.780589513E-4	9.398501716E-4	9.060538141E-4	7.293444942E-4	7.080475916E-4	8.879170637E-4	9.888866916E-4	9.238857892E-4	8.224436897E-4	8.848271100E-4	1.157559222E-3	1.326055732E-3	1.283886493E-3
5.820917431E-4	5.179746076E-4	6.560364855E-4	8.314755396E-4	8.432203322E-4	7.262464496E-4	6.348040770E-4	6.511464599E-4	6.859657005E-4	6.234969478E-4	5.471669137E-4	5.023197737E-4	4.208945902E-4	3.432916710E-4	3.445754410E-4	4.438746837E-4	5.540681304E-4	6.345379516E-4	7.040929049E-4	6.597975153E-4	5.483431742E-4	4.794892448E-4	3.688560391E-4	2.585785696E-4	3.043520846E-4	4.656182427E-4	5.385697586E-4	5.737195606E-4	7.541796658E-4	9.437897243E-4	9.694309556E-4	8.685091743E-4	8.862590767E-4	1.066184021E-3	1.087039127E-3	9.059649310E-4	7.707377663E-4	8.390661096E-4	1.050196937E-3	1.200116356E-3	1.220303006E-3
6.577667664E-4	6.306111463E-4	6.801798590E-4	7.497827173E-4	7.540041115E-4	6.839573034E-4	6.310587050E-4	6.364176515E-4	6.249508588E-4	5.252793198E-4	4.475921451E-4	4.329305666E-4	3.909528314E-4	3.623756347E-4	4.057050101E-4	5.615663249E-4	7.506768452E-4	8.523708093E-4	8.944008732E-4	8.408596041E-4	7.423006464E-4	6.519654999E-4	4.729098582E-4	3.470103547E-4	3.908738436E-4	4.690008936E-4	5.300572957E-4	6.836046232E-4	8.856927161E-4	9.518331499E-4	9.240495274E-4	8.982749423E-4	9.511177195E-4	1.063968753E-3	1.044351608E-3	9.050672525E-4	8.176106494E-4	8.484632126E-4	9.361144621E-4	1.051855506E-3	1.145727350E-3
7.902320940E-4	8.030771278E-4	8.332704310E-4	8.603976457E-4	8.397389320E-4	7.462240756E-4	6.573565188E-4	6.009449717E-4	5.621456075E-4	4.929232528E-4	4.712590307E-4	5.499261315E-4	5.828448921E-4	5.222280743E-4	4.667870235E-4	5.712260609E-4	7.960356306E-4	9.467315977E-4	9.542256594E-4	8.198391879E-4	7.430631085E-4	7.910133572E-4	7.372295368E-4	6.367019378E-4	5.855644704E-4	5.517061800E-4	6.017797277E-4	7.473489386E-4	8.481922559E-4	8.086816524E-4	7.673490327E-4	8.058210369E-4	8.656941354E-4	8.968361071E-4	8.794150781E-4	8.531667409E-4	8.241967880E-4	7.979869260E-4	7.979025831E-4	9.144016658E-4	1.108832308E-3
7.855368895E-4	8.075602236E-4	8.189289365E-4	8.296621963E-4	8.589053759E-4	8.441053214E-4	7.840982871E-4	7.318934659E-4	7.384920609E-4	6.817005342E-4	6.079870509E-4	6.755609647E-4	6.868906785E-4	5.245378125E-4	4.114776675E-4	4.985154956E-4	6.731607136E-4	8.455126663E-4	9.345128783E-4	8.074833895E-4	7.322382880E-4	9.171335259E-4	1.028856612E-3	8.882553666E-4	6.499224110E-4	5.484356079E-4	6.188641419E-4	6.531132385E-4	5.897660158E-4	5.282748607E-4	5.527443718E-4	6.374738878E-4	7.224265137E-4	7.649958134E-4	7.632889319E-4	7.668462349E-4	7.444705698E-4	6.933314726E-4	6.770869950E-4	8.084382280E-4	1.093896222E-3
6.622440415E-4	6.520567695E-4	6.502378965E-4	7.057517068E-4	8.000052767E-4	7.950711297E-4	7.190448232E-4	7.374621346E-4	8.880468085E-4	8.931295597E-4	7.286613109E-4	6.445492618E-4	5.031881155E-4	2.484030265E-4	2.079442784E-4	3.915762063E-4	5.264684441E-4	6.935687270E-4	9.104229975E-4	8.690141840E-4	7.547924179E-4	9.266955312E-4	1.131793135E-3	1.057319460E-3	8.238790906E-4	7.537050406E-4	8.164332248E-4	7.095279871E-4	4.838080786E-4	3.953514388E-4	4.346134665E-4	4.582072143E-4	5.290943081E-4	6.507139187E-4	6.933924160E-4	6.942955079E-4	6.908236537E-4	6.720225210E-4	6.719336961E-4	7.923218072E-4	1.093976898E-3
6.380342529E-4	5.670814426E-4	6.593771977E-4	9.012247319E-4	1.000365941E-3	8.270067628E-4	6.661322550E-4	7.295464166E-4	9.195965249E-4	9.358451935E-4	7.587475120E-4	6.187374238E-4	4.249443009E-4	1.605492289E-4	1.528974681E-4	3.678997455E-4	4.736239207E-4	5.719007459E-4	7.508861599E-4	7.209817413E-4	5.819399375E-4	6.644804380E-4	8.814405883E-4	9.992470732E-4	9.586667875E-4	9.265129920E-4	9.619290358E-4	8.514480432E-4	6.063714973E-4	5.147552583E-4	5.327257677E-4	4.494915192E-4	4.525751574E-4	5.954912631E-4	6.511749816E-4	6.485226331E-4	6.605476956E-4	6.582264323E-4	6.878684508E-4	8.616395644E-4	1.177959610E-3
7.071386790E-4	5.993050872E-4	7.666813326E-4	1.111274119E-3	1.140745240E-3	8.579067653E-4	7.257807883E-4	7.873034920E-4	8.321084315E-4	7.463402580E-4	6.239057402E-4	6.006453186E-4	5.179144791E-4	3.119843313E-4	2.503409632E-4	3.788188333E-4	4.538530775E-4	4.890008131E-4	5.513718352E-4	5.090406630E-4	4.328894720E-4	4.609207099E-4	5.959901609E-4	7.834727294E-4	8.180916193E-4	7.310347282E-4	7.989050355E-4	9.012879455E-4	8.254060522E-4	7.804839406E-4	7.795757265E-4	6.425248575E-4	6.062272005E-4	7.148302975E-4	7.130708545E-4	6.398564437E-4	5.678527523E-4	4.726697516E-4	4.698631237E-4	6.867881748E-4	9.952642722E-4
6.956732832E-4	6.864244351E-4	7.720838767E-4	9.275180055E-4	8.299979963E-4	6.012810045E-4	5.856541102E-4	6.326481234E-4	5.950620398E-4	5.159036373E-4	5.014959606E-4	5.780541105E-4	5.396403139E-4	3.597628674E-4	2.500477422E-4	2.711983107E-4	3.260694211E-4	3.955737920E-4	4.637832753E-4	4.797255970E-4	5.000795354E-4	5.395807675E-4	6.205405807E-4	7.508897106E-4	7.080312935E-4	5.503896973E-4	6.740940153E-4	9.685638361E-4	1.048046746E-3	1.024539466E-3	9.909323417E-4	8.442728431E-4	7.995725609E-4	8.674417040E-4	7.999424124E-4	6.489953957E-4	4.946524277E-4	3.112736740E-4	2.346305992E-4	3.665981058E-4	5.348688574E-4
6.363539724E-4	8.047942538E-4	7.514145109E-4	6.188122206E-4	4.397739249E-4	3.357117821E-4	3.993457649E-4	4.456659663E-4	4.631071643E-4	4.999753437E-4	5.853265757E-4	6.666379049E-4	5.725130322E-4	4.158103256E-4	3.308735904E-4	2.899967949E-4	3.353577340E-4	4.500095965E-4	5.289409892E-4	5.586441257E-4	6.002638838E-4	6.725820131E-4	7.901681238E-4	8.786393446E-4	7.928689593E-4	6.803327706E-4	8.125529857E-4	1.065730932E-3	1.133196987E-3	1.080467948E-3	1.035323483E-3	9.546845686E-4	9.611704736E-4	9.964489145E-4	8.462338010E-4	6.568207173E-4	5.651001120E-4	4.604194255E-4	3.912465472E-4	4.326931958E-4	4.513055319E-4
