3.592665307E-4	4.029658448E-4	4.916032194E-4	NaN	NaN	NaN	NaN	NaN	NaN	NaN	NaN	NaN	NaN	NaN	NaN	NaN	NaN	NaN	6.407842156E-4	5.845708656E-4	5.813268363E-4	6.467935164E-4	6.722360849E-4	5.363876699E-4	3.004948085E-4	2.774940804E-4	4.433276190E-4	5.125794560E-4	5.454146303E-4	5.842049140E-4	5.167594063E-4	5.074625951E-4	7.323620375E-4	9.501785971E-4	9.356312221E-4	8.565371390E-4	8.299512556E-4	7.930985885E-4	8.230928797E-4	9.487920906E-4	1.043402357E-3	1.094516367E-3	1.193226664E-3
5.004986306E-4	4.855470615E-4	5.623889156E-4	6.373621291E-4	6.318134256E-4	NaN	NaN	NaN	NaN	NaN	NaN	NaN	NaN	NaN	NaN	NaN	NaN	NaN	NaN	6.372772041E-4	6.014806568E-4	5.665069912E-4	5.689815152E-4	5.044021527E-4	3.208839335E-4	2.709145483E-4	3.887431521E-4	4.614971695E-4	5.220847670E-4	5.827409332E-4	5.354116438E-4	4.672501236E-4	5.352282897E-4	6.335670478E-4	6.400910206E-4	6.456435076E-4	6.671954761E-4	6.526268553E-4	6.983032217E-4	8.904587594E-4	1.116016763E-3	1.226134133E-3	1.219472731E-3
6.287253345E-4	6.164320512E-4	7.596669020E-4	9.137731395E-4	1.007755171E-3	9.452661616E-4	NaN	NaN	NaN	NaN	NaN	NaN	NaN	NaN	NaN	NaN	NaN	NaN	NaN	NaN	NaN	4.639429389E-4	5.995842512E-4	6.522629410E-4	5.098388647E-4	4.009790719E-4	3.806204477E-4	2.940253180E-4	2.367355773E-4	2.859081142E-4	3.414978855E-4	3.695086925E-4	4.096134508E-4	4.178077215E-4	3.965709475E-4	4.465800594E-4	5.492727505E-4	5.787006230E-4	5.963909207E-4	8.115204400E-4	1.132413629E-3	1.285320497E-3	1.230536262E-3
5.616572453E-4	6.456687697E-4	8.947838214E-4	1.052595326E-3	1.099066809E-3	9.925512131E-4	7.608967717E-4	6.543051568E-4	NaN	NaN	NaN	NaN	NaN	NaN	NaN	NaN	NaN	NaN	NaN	NaN	NaN	3.037662245E-4	5.850517773E-4	7.683984586E-4	6.800770061E-4	5.167748313E-4	3.580336343E-4	1.324761251E-4	1.310303742E-5	5.728338510E-5	1.445840608E-4	2.704687067E-4	4.060025967E-4	4.483069933E-4	4.204666475E-4	4.358767183E-4	5.084921140E-4	4.618273815E-4	3.689874138E-4	6.059678271E-4	1.031190273E-3	1.222657622E-3	1.202588552E-3
3.970620746E-4	5.376925110E-4	8.524900186E-4	9.994610446E-4	9.960578755E-4	9.001513827E-4	7.038573967E-4	5.921960110E-4	5.585078616E-4	NaN	NaN	NaN	NaN	NaN	NaN	NaN	NaN	NaN	NaN	NaN	NaN	NaN	5.098459078E-4	7.710041828E-4	7.727451739E-4	6.121586193E-4	4.010213888E-4	1.527084387E-4	5.044012141E-5	1.045474564E-4	1.901234500E-4	3.244978434E-4	4.531166633E-4	5.339800264E-4	5.977945984E-4	6.003233138E-4	5.225049099E-4	2.811985905E-4	6.588370161E-5	3.339050163E-4	8.527658065E-4	1.110371668E-3	1.177660539E-3
4.252405779E-4	5.350601277E-4	7.965674158E-4	8.832770400E-4	8.600704023E-4	8.429369773E-4	6.967179943E-4	4.814649001E-4	3.357161186E-4	2.458523668E-4	NaN	NaN	NaN	NaN	NaN	NaN	NaN	NaN	NaN	NaN	NaN	NaN	NaN	6.955569261E-4	7.703005103E-4	6.376307574E-4	4.229883198E-4	1.816299045E-4	9.063161269E-5	2.272685815E-4	4.360253224E-4	5.542006693E-4	5.300739431E-4	5.674346467E-4	7.526462432E-4	8.174974937E-4	6.198501796E-4	1.958039938E-4	NaN	1.431821584E-4	6.942253094E-4	1.004535821E-3	1.117573353E-3
6.008827477E-4	6.808255566E-4	8.183132741E-4	8.069767500E-4	7.864495274E-4	8.441261598E-4	7.080207579E-4	3.921828174E-4	2.138894633E-4	2.363097883E-4	NaN	NaN	NaN	NaN	NaN	NaN	NaN	NaN	NaN	NaN	NaN	NaN	NaN	NaN	6.441861042E-4	6.039160071E-4	4.390942340E-4	1.789538073E-4	5.114994201E-5	2.707931271E-4	6.206358084E-4	7.408679230E-4	6.326370058E-4	6.400982384E-4	8.496936061E-4	9.471405647E-4	7.165154093E-4	2.118822013E-4	NaN	1.096450578E-4	6.192364381E-4	8.659450104E-4	9.261709638E-4
7.622854318E-4	7.925098180E-4	7.849592948E-4	7.006059750E-4	7.100506336E-4	7.899779011E-4	6.284793490E-4	3.213663877E-4	2.433871414E-4	3.739234817E-4	4.553537001E-4	NaN	NaN	NaN	NaN	NaN	NaN	NaN	NaN	NaN	NaN	NaN	NaN	NaN	5.075227236E-4	6.541993935E-4	6.428569322E-4	4.214702058E-4	2.456759103E-4	3.898458090E-4	6.682627718E-4	7.687410689E-4	7.297087577E-4	7.520657382E-4	8.619070868E-4	9.189241682E-4	7.423044299E-4	3.206117544E-4	5.181797314E-5	2.541554568E-4	5.890536704E-4	6.569310790E-4	6.511258543E-4
9.908777429E-4	9.343076381E-4	7.843762287E-4	6.275913911E-4	6.045751506E-4	6.101774634E-4	4.232636129E-4	2.327326947E-4	2.696326701E-4	3.992719867E-4	3.953545820E-4	3.577269963E-4	NaN	NaN	NaN	NaN	NaN	NaN	NaN	NaN	NaN	NaN	NaN	NaN	NaN	7.034653099E-4	9.105427889E-4	8.761414210E-4	7.262151339E-4	6.391237839E-4	6.134382566E-4	6.077429280E-4	6.261776434E-4	6.532258703E-4	7.284079911E-4	8.553715306E-4	8.217029390E-4	5.174537073E-4	2.489608014E-4	2.790462459E-4	4.187239683E-4	4.506444675E-4	5.177429412E-4
1.166891889E-3	1.053446671E-3	8.761489298E-4	7.091103471E-4	6.027165218E-4	4.735573602E-4	2.879126405E-4	2.680733160E-4	4.050173156E-4	4.753166286E-4	3.625656536E-4	2.212904510E-4	NaN	NaN	NaN	NaN	NaN	NaN	NaN	NaN	NaN	NaN	NaN	NaN	NaN	5.759632913E-4	9.090999374E-4	1.101229805E-3	1.062868745E-3	7.729479694E-4	4.430774716E-4	3.329034953E-4	3.683577816E-4	4.320801527E-4	6.501367316E-4	9.494917467E-4	9.948782390E-4	7.006241940E-4	3.261407255E-4	1.515203476E-4	2.262059279E-4	4.236349487E-4	6.608857657E-4
1.032519853E-3	9.268400026E-4	8.833301254E-4	8.473705966E-4	7.445445517E-4	5.563382292E-4	4.123345716E-4	5.304439110E-4	7.791435928E-4	8.559956332E-4	6.178744370E-4	2.630155359E-4	1.461759530E-4	NaN	NaN	NaN	NaN	NaN	NaN	NaN	NaN	NaN	NaN	NaN	NaN	NaN	6.040296284E-4	8.554798551E-4	9.492399404E-4	6.831815117E-4	3.032839159E-4	2.064460568E-4	2.749910054E-4	3.842844453E-4	7.148789009E-4	1.033873763E-3	9.884767933E-4	7.225300651E-4	4.294780665E-4	2.022123954E-4	2.205594355E-4	5.036671064E-4	8.608797798E-4
7.529866998E-4	6.755456561E-4	7.517727790E-4	8.529785555E-4	8.417268982E-4	7.257759571E-4	6.607694668E-4	8.054981590E-4	1.071563922E-3	1.172102755E-3	9.055614355E-4	4.902908113E-4	2.700632322E-4	NaN	NaN	NaN	NaN	NaN	NaN	NaN	NaN	NaN	NaN	NaN	NaN	NaN	NaN	3.754261124E-4	5.535859964E-4	5.111141363E-4	3.028293431E-4	2.360672952E-4	2.779347997E-4	3.668657737E-4	6.728032022E-4	9.060425800E-4	7.508294657E-4	5.387535202E-4	4.388588131E-4	2.832108876E-4	2.213490661E-4	4.599698004E-4	8.791715954E-4
5.907689338E-4	5.093894433E-4	5.691585829E-4	6.707037683E-4	6.882708403E-4	6.301063113E-4	6.350523909E-4	7.799906307E-4	1.001304830E-3	1.090324833E-3	9.229892166E-4	7.005304797E-4	5.487270537E-4	NaN	NaN	NaN	NaN	NaN	NaN	NaN	NaN	NaN	NaN	NaN	NaN	NaN	NaN	2.177298848E-5	2.004467242E-4	3.736172512E-4	3.710257588E-4	3.097420267E-4	3.118236782E-4	3.884760954E-4	6.619709893E-4	9.028368513E-4	7.334594266E-4	4.277574772E-4	3.040092124E-4	2.264504001E-4	2.137436823E-4	4.508577113E-4	8.843712276E-4
5.087487516E-4	4.622343404E-4	5.010848399E-4	5.402425304E-4	4.974087351E-4	3.981100162E-4	4.238302936E-4	6.272245664E-4	8.596497937E-4	9.205921087E-4	8.213781402E-4	7.527422276E-4	6.635232712E-4	NaN	NaN	NaN	NaN	NaN	NaN	NaN	NaN	NaN	NaN	NaN	NaN	NaN	NaN	NaN	6.634763849E-5	3.167424584E-4	4.718105483E-4	5.163056776E-4	5.858723889E-4	6.682534586E-4	8.570092032E-4	1.057258225E-3	8.675637073E-4	4.349373048E-4	2.317016915E-4	2.728084219E-4	4.159637028E-4	6.911028759E-4	1.053018845E-3
4.803389311E-4	5.254383432E-4	5.731165875E-4	5.555895041E-4	4.977131030E-4	4.040751664E-4	4.097135970E-4	5.939092371E-4	7.994102198E-4	8.198941359E-4	6.989232497E-4	6.128039677E-4	5.193788093E-4	NaN	NaN	NaN	NaN	NaN	NaN	NaN	NaN	NaN	NaN	NaN	NaN	NaN	NaN	NaN	1.550282905E-4	3.545473155E-4	5.389522412E-4	6.906947820E-4	8.344839443E-4	8.913577185E-4	9.372831555E-4	9.834996890E-4	7.561509847E-4	3.915030684E-4	3.282961552E-4	5.337683251E-4	7.367615472E-4	9.469600045E-4	1.173089724E-3
5.724703660E-4	6.567817763E-4	6.257496425E-4	5.111492355E-4	5.130209029E-4	5.625276826E-4	5.665901699E-4	5.998445558E-4	6.642769440E-4	6.321971887E-4	4.881634086E-4	3.784006694E-4	3.329832107E-4	NaN	NaN	NaN	NaN	NaN	NaN	NaN	NaN	NaN	NaN	NaN	NaN	NaN	NaN	NaN	3.244587861E-4	4.401228798E-4	5.464806454E-4	6.655036705E-4	7.839879254E-4	8.440167294E-4	8.489179891E-4	7.972281892E-4	5.633621477E-4	3.114704159E-4	3.744154237E-4	6.235930487E-4	7.588981534E-4	8.813958848E-4	1.057947869E-3
6.167685497E-4	7.097675698E-4	6.316053914E-4	4.913333105E-4	5.768995616E-4	7.600940880E-4	7.611059118E-4	6.635012105E-4	6.323507987E-4	5.791293224E-4	3.923473705E-4	2.375850454E-4	2.373394236E-4	NaN	NaN	NaN	NaN	NaN	NaN	NaN	NaN	NaN	NaN	NaN	NaN	NaN	NaN	3.719148808E-4	4.302701564E-4	4.714525421E-4	5.404986441E-4	6.365939626E-4	7.465077215E-4	8.384929970E-4	8.375585312E-4	7.425597287E-4	5.124658928E-4	2.536490501E-4	2.426555584E-4	3.986863594E-4	4.814336135E-4	6.252108724E-4	8.552985964E-4
5.360627547E-4	5.942535936E-4	5.688068341E-4	5.574097158E-4	7.374112611E-4	9.130201652E-4	8.257714799E-4	6.832996733E-4	7.124755066E-4	7.282539736E-4	4.719034478E-4	1.714859100E-4	1.274964015E-4	NaN	NaN	NaN	NaN	NaN	NaN	NaN	NaN	NaN	NaN	NaN	NaN	NaN	NaN	4.480163334E-4	3.874104004E-4	3.661837254E-4	4.677430843E-4	6.680484512E-4	8.705581422E-4	9.572273702E-4	8.835710469E-4	7.667213795E-4	5.934958463E-4	3.580980410E-4	2.924159053E-4	3.768268507E-4	4.169948224E-4	5.539523554E-4	7.758642896E-4
5.451306351E-4	4.554233165E-4	4.102656676E-4	4.895562306E-4	7.184167625E-4	8.346490795E-4	6.802210119E-4	5.466114962E-4	6.167438696E-4	6.857953267E-4	4.514675820E-4	1.211128183E-4	8.239103772E-5	NaN	NaN	NaN	NaN	NaN	NaN	NaN	NaN	NaN	NaN	NaN	NaN	NaN	NaN	2.971966751E-4	2.156677074E-4	2.286405797E-4	3.827313485E-4	6.690685404E-4	9.360658587E-4	1.008869614E-3	9.113963461E-4	8.053646307E-4	6.930544041E-4	5.514933728E-4	5.390263395E-4	5.954806111E-4	5.412735045E-4	5.853736075E-4	7.778605213E-4
7.180534885E-4	5.234849523E-4	4.002125352E-4	4.207762831E-4	5.778904888E-4	6.397723337E-4	5.441730027E-4	4.759317089E-4	4.489843268E-4	4.285159230E-4	3.042036260E-4	1.474218589E-4	1.905704266E-4	NaN	NaN	NaN	NaN	NaN	NaN	NaN	NaN	NaN	NaN	NaN	NaN	NaN	NaN	1.963037794E-4	1.559578668E-4	2.351964795E-4	3.960374452E-4	6.324956776E-4	8.334615268E-4	9.158744942E-4	8.929967298E-4	7.977528148E-4	7.038748008E-4	6.427062326E-4	6.357780076E-4	6.212507142E-4	4.952090676E-4	4.668805341E-4	6.541755865E-4
1.072900486E-3	8.944338770E-4	7.033051807E-4	6.119424361E-4	6.331502227E-4	5.980847636E-4	5.542991566E-4	5.634978879E-4	4.844853829E-4	4.217948881E-4	4.181297554E-4	3.746812290E-4	3.552639100E-4	NaN	NaN	NaN	NaN	NaN	NaN	NaN	NaN	NaN	NaN	NaN	NaN	NaN	NaN	4.227986210E-4	3.850719077E-4	3.969102108E-4	4.603020207E-4	5.905526923E-4	6.803315482E-4	7.595868083E-4	8.225098136E-4	7.805310888E-4	7.608631277E-4	7.352582179E-4	5.946854362E-4	4.666461027E-4	3.906793427E-4	3.851405636E-4	5.194040132E-4
1.368842670E-3	1.187006594E-3	9.328366723E-4	8.135765675E-4	7.885696832E-4	6.880323053E-4	6.284530391E-4	6.648847484E-4	6.902631721E-4	7.948401617E-4	9.008116322E-4	7.851350238E-4	5.363412201E-4	NaN	NaN	NaN	NaN	NaN	NaN	NaN	NaN	NaN	NaN	NaN	NaN	NaN	NaN	6.703864783E-4	6.981453625E-4	6.552397390E-4	5.799888750E-4	5.839817459E-4	5.965905148E-4	6.914297701E-4	8.490878390E-4	9.343170095E-4	1.014151145E-3	9.352669003E-4	6.320553948E-4	4.707924672E-4	5.446532741E-4	6.501748576E-4	7.449504919E-4
1.182108419E-3	9.673960158E-4	7.830335526E-4	7.914012531E-4	8.184962207E-4	7.303705788E-4	6.792446948E-4	7.213994395E-4	8.318091277E-4	1.048735925E-3	1.172582735E-3	9.794230573E-4	6.102948682E-4	NaN	NaN	NaN	NaN	NaN	NaN	NaN	NaN	NaN	NaN	NaN	NaN	NaN	NaN	6.331824115E-4	7.871203707E-4	8.837542846E-4	7.779054577E-4	6.683679530E-4	6.598482723E-4	8.219383890E-4	1.055088826E-3	1.214519027E-3	1.299074735E-3	1.120376750E-3	7.787192008E-4	7.299040444E-4	9.384980076E-4	1.073807478E-3	1.112856204E-3
8.151493967E-4	6.263391115E-4	6.145844818E-4	7.562473183E-4	7.948532584E-4	6.984258071E-4	6.747244624E-4	7.463883958E-4	8.155057440E-4	8.929757751E-4	9.180782363E-4	7.951404550E-4	5.607901257E-4	NaN	NaN	NaN	NaN	NaN	NaN	NaN	NaN	NaN	NaN	NaN	NaN	NaN	NaN	3.837402619E-4	5.743018119E-4	8.590931538E-4	9.054009570E-4	8.579225978E-4	8.896221989E-4	1.050718362E-3	1.246389351E-3	1.403940143E-3	1.495448989E-3	1.294195303E-3	9.654457099E-4	1.007995335E-3	1.269944711E-3	1.293114619E-3	1.196272206E-3
7.014301373E-4	5.891118199E-4	6.786710583E-4	8.337345789E-4	8.251673426E-4	6.636541220E-4	6.056427956E-4	6.975316792E-4	7.177749649E-4	6.152128917E-4	5.198424915E-4	5.001820391E-4	4.798251612E-4	2.781850926E-4	NaN	NaN	NaN	NaN	NaN	NaN	NaN	NaN	NaN	NaN	NaN	NaN	NaN	NaN	2.887118317E-4	6.230971194E-4	8.812342421E-4	1.044766861E-3	1.080272137E-3	1.075449400E-3	1.181842759E-3	1.413162099E-3	1.626474201E-3	1.499104779E-3	NaN	NaN	NaN	NaN	NaN
6.897661369E-4	6.311791367E-4	7.731008227E-4	9.258826030E-4	8.939665277E-4	6.826582830E-4	5.514125805E-4	6.041130400E-4	6.261483650E-4	4.925242392E-4	3.277855867E-4	3.017742129E-4	3.793041978E-4	2.944208100E-4	NaN	NaN	NaN	NaN	NaN	NaN	NaN	NaN	NaN	NaN	NaN	NaN	NaN	NaN	1.858456963E-4	4.613839847E-4	8.127267356E-4	1.134802354E-3	1.140143024E-3	9.414468077E-4	9.731057798E-4	1.278649550E-3	1.558307908E-3	NaN	NaN	NaN	NaN	NaN	NaN
6.631678552E-4	6.071678363E-4	7.933965535E-4	9.761917754E-4	9.513680707E-4	7.411674014E-4	5.687496159E-4	5.538618425E-4	5.877615768E-4	5.198171712E-4	3.576677991E-4	3.095856810E-4	4.126272688E-4	3.806464956E-4	1.410030964E-4	NaN	NaN	NaN	NaN	NaN	NaN	NaN	NaN	NaN	NaN	NaN	NaN	NaN	1.378112065E-4	3.786381858E-4	7.104526157E-4	1.089049038E-3	1.165770111E-3	9.402257274E-4	9.055136470E-4	1.145462855E-3	NaN	NaN	NaN	NaN	NaN	NaN	NaN
7.157284417E-4	6.877843407E-4	8.839341463E-4	1.062661526E-3	1.031095744E-3	8.136671386E-4	6.002119626E-4	5.476364167E-4	6.197499461E-4	6.260433584E-4	5.061976844E-4	5.045793368E-4	6.373098586E-4	5.497429520E-4	2.515322994E-4	NaN	NaN	NaN	NaN	NaN	NaN	NaN	NaN	NaN	NaN	NaN	NaN	NaN	1.157899169E-5	2.882966073E-4	6.007245975E-4	9.827553295E-4	1.161432709E-3	1.015670481E-3	9.657893679E-4	1.123783528E-3	NaN	NaN	NaN	NaN	NaN	NaN	NaN
8.062966517E-4	8.950710180E-4	1.116324915E-3	1.254182192E-3	1.194941229E-3	9.616891621E-4	7.044167724E-4	6.447537453E-4	7.706282195E-4	8.378802449E-4	7.847143570E-4	8.481173427E-4	9.709189180E-4	7.857850869E-4	4.163793637E-4	2.898362000E-4	NaN	NaN	NaN	NaN	NaN	NaN	NaN	NaN	NaN	NaN	NaN	NaN	7.126478886E-5	3.651460866E-4	6.533402484E-4	9.906296618E-4	1.137568150E-3	9.894270916E-4	9.729084559E-4	1.147051807E-3	1.250749687E-3	NaN	NaN	NaN	NaN	NaN	NaN
7.936459733E-4	9.811978089E-4	1.267052838E-3	1.384451520E-3	1.302222372E-3	1.102958224E-3	8.667054935E-4	8.119987906E-4	9.661923395E-4	1.086553093E-3	1.112304861E-3	1.191905467E-3	1.224702923E-3	9.754849016E-4	5.996344844E-4	4.218436370E-4	5.148652126E-4	NaN	NaN	NaN	NaN	NaN	NaN	NaN	NaN	NaN	NaN	1.704622700E-4	3.199807834E-4	5.298690521E-4	7.468762924E-4	1.005267492E-3	1.036069123E-3	8.351123543E-4	8.698586025E-4	1.104829484E-3	1.233325456E-3	1.289879321E-3	NaN	NaN	NaN	1.236611395E-3	9.998317109E-4
7.195387152E-4	8.818216156E-4	1.177457045E-3	1.276936266E-3	1.167908194E-3	1.026891638E-3	8.752096910E-4	8.414766053E-4	9.987023659E-4	1.144322567E-3	1.195697812E-3	1.208548667E-3	1.103144488E-3	8.605516050E-4	6.074076518E-4	4.025148519E-4	3.540134057E-4	4.703005252E-4	NaN	NaN	NaN	NaN	NaN	NaN	NaN	NaN	2.606551570E-4	3.716343199E-4	5.021287943E-4	5.725891097E-4	6.952069816E-4	8.585469332E-4	8.113341173E-4	6.582242786E-4	7.659866242E-4	1.011667307E-3	1.139300060E-3	1.170700649E-3	1.206730958E-3	1.367406454E-3	1.375656109E-3	1.007844927E-3	7.153743063E-4
7.479983615E-4	8.315017913E-4	9.948157240E-4	1.007914660E-3	9.028359200E-4	8.588618366E-4	8.104078006E-4	7.689152844E-4	8.558335248E-4	9.577668970E-4	9.960785974E-4	9.590071277E-4	7.855782169E-4	6.251991144E-4	5.799256032E-4	4.516832414E-4	2.769710845E-4	2.642896725E-4	3.704971168E-4	4.409090907E-4	NaN	NaN	NaN	NaN	NaN	2.112095535E-4	3.555674921E-4	5.832816241E-4	7.086331607E-4	6.637437618E-4	6.810543127E-4	7.479060441E-4	6.841352442E-4	6.446639891E-4	7.959048962E-4	9.703034302E-4	1.043373602E-3	1.024966361E-3	1.003098558E-3	1.140707056E-3	1.170531614E-3	8.365190588E-4	5.348811392E-4
